204
tr|A0A023PCM9|A0A023PCM9_9BACI 0.000000 0.167815 0.228741 0.097971 0.266842 0.128991 0.238820 0.225575 0.166365 0.160240 0.206597 0.160218 0.000000 0.000000 0.167625 0.167445 0.081223 0.077877 0.139388 0.160822 0.106724 0.155955 0.155787 0.084746 0.144246 0.146847 0.102041 0.000000 0.152876 0.088608 0.200296 0.156702 0.115036 0.269316 0.002738 0.152501 0.113924 0.006494 0.000000 0.212555 0.164048 0.190875 0.172787 0.166365 0.006918 0.168179 0.129601 0.039680 0.020384 0.153159 0.130572 0.132010 0.000000 0.164179 0.056338 0.023810 0.133123 0.023366 0.154462 0.039216 0.156935 0.169619 0.241167 0.171342 0.166616 0.144102 0.145511 0.171489 0.152355 0.154437 0.154130 0.132427 0.145286 0.136905 0.023785 0.144410 0.136179 0.177665 0.127370 0.171669 0.130694 0.143921 0.157314 0.039548 0.171489 0.040545 0.159792 0.057143 0.171489 0.150000 0.139237 0.154462 0.040013 0.045205 0.128571 0.161082 0.127753 0.157055 0.129104 0.140202 0.148686 0.129327 0.132111 0.180049 0.149365 0.132052 0.157244 0.160546 0.152067 0.130435 0.000000 0.014925 0.003494 0.079137 0.136634 0.156700 0.161389 0.131380 0.131737 0.137484 0.144383 0.010309 0.125474 0.149451 0.128788 0.146493 0.019814 0.313187 0.059829 0.144928 0.015143 0.008621 0.082707 0.091667 0.000000 0.097222 0.011765 0.000000 0.149369 0.148080 0.000000 0.194664 0.228180 0.187647 0.144759 0.000000 0.009434 0.000000 0.010309 0.038473 0.185147 0.187007 0.006262 0.065421 0.010941 0.000000 0.000000 0.231700 0.137127 0.084211 0.000000 0.000000 0.216160 0.273662 0.132937 0.190781 0.179858 0.168635 0.163278 0.167186 0.157208 0.273964 0.093750 0.221220 0.140854 0.011494 0.000000 0.211679 0.175959 0.078125 0.142857 0.191635 0.179893 0.238902 0.196602 0.174221 0.150857 0.188263 0.199103 0.065421 0.019776 0.208759 0.184944 0.154598 0.229947 0.201923 0.131034 0.165609 0.181683 0.134831 0.000000 0.154994 0.166817 0.183232
tr|A0A0D0QI78|A0A0D0QI78_9BACI 0.167815 0.000000 0.193175 0.126823 0.250783 0.164085 0.239145 0.156230 0.190670 0.151075 0.183681 0.188165 0.688312 0.030303 0.191609 0.172511 0.051033 0.071675 0.168716 0.188478 0.137132 0.167612 0.166509 0.813559 0.173409 0.176341 0.683673 0.736111 0.192235 0.658228 0.190983 0.168660 0.130244 0.292528 0.052014 0.190670 0.658228 0.032468 0.793103 0.191922 0.191296 0.175955 0.192549 0.190357 0.043812 0.193488 0.167034 0.074358 0.065812 0.173137 0.164085 0.166982 0.034483 0.477612 0.746479 0.706349 0.166877 0.061971 0.192549 0.079428 0.193175 0.190357 0.242016 0.191296 0.190357 0.191922 0.191922 0.191922 0.192235 0.192235 0.191922 0.166245 0.189731 0.171679 0.056745 0.191922 0.170006 0.192235 0.163401 0.191922 0.168080 0.191922 0.173137 0.079761 0.191922 0.077434 0.191609 0.742857 0.191922 0.192235 0.172198 0.192549 0.074692 0.105909 0.742857 0.193175 0.165198 0.192549 0.165088 0.188091 0.192235 0.166772 0.165929 0.156857 0.193488 0.167034 0.193488 0.190357 0.192862 0.166352 0.779412 0.776119 0.057659 0.733813 0.171733 0.191609 0.193175 0.166982 0.166719 0.166877 0.171950 0.680412 0.163085 0.183990 0.164773 0.172198 0.065268 0.747253 0.700855 0.536232 0.064065 0.034483 0.729323 0.716667 0.034783 0.500000 0.094118 0.052632 0.191922 0.190044 0.752941 0.192549 0.156857 0.192235 0.186412 0.046763 0.047170 0.039604 0.030928 0.091421 0.229706 0.193175 0.060739 0.682243 0.043764 0.045627 0.030303 0.193175 0.190044 0.684211 0.686047 0.697368 0.156230 0.242329 0.168441 0.180025 0.188165 0.192549 0.172511 0.172511 0.188791 0.242016 0.635417 0.229180 0.192549 0.678161 0.028777 0.190983 0.190357 0.687500 0.542857 0.195992 0.192235 0.193175 0.178147 0.192549 0.190044 0.194740 0.191922 0.682243 0.062533 0.190044 0.192235 0.190670 0.155604 0.158735 0.167398 0.190670 0.190670 0.685393 0.736111 0.190044 0.192235 0.191922
tr|A0A226R3A9|A0A226R3A9_9BACI 0.228741 0.193175 0.000000 0.124604 0.270519 0.159342 0.246598 0.210636 0.194746 0.165929 0.191667 0.192563 0.103896 0.040404 0.196067 0.141301 0.085547 0.146106 0.161463 0.192866 0.136027 0.129490 0.130558 0.016949 0.166196 0.172890 0.102041 0.104167 0.182405 0.101266 0.210963 0.131529 0.137983 0.297297 0.047712 0.181958 0.113924 0.058442 0.086207 0.230519 0.196073 0.198634 0.201686 0.197408 0.048424 0.197217 0.162315 0.063021 0.058241 0.182435 0.160607 0.162256 0.068966 0.059701 0.056338 0.103175 0.163091 0.049441 0.184000 0.064473 0.178560 0.200540 0.247619 0.196078 0.197650 0.173669 0.176471 0.199819 0.181902 0.183912 0.183605 0.162453 0.177125 0.166980 0.047910 0.174224 0.168588 0.206330 0.158976 0.201681 0.163054 0.174938 0.186446 0.064806 0.199819 0.064473 0.188818 0.057143 0.199819 0.179630 0.169274 0.184000 0.063354 0.075234 0.114286 0.182601 0.160478 0.186503 0.160669 0.162256 0.178362 0.162052 0.162453 0.185300 0.178804 0.162307 0.178869 0.191806 0.181370 0.161941 0.117647 0.104478 0.047175 0.107914 0.166719 0.185833 0.182908 0.162256 0.161992 0.159608 0.151620 0.092784 0.158344 0.178179 0.160354 0.175978 0.057692 0.181319 0.068376 0.101449 0.053582 0.068966 0.112782 0.116667 0.069565 0.125000 0.011765 0.131579 0.180474 0.180952 0.447059 0.213926 0.212392 0.211852 0.182656 0.028777 0.066038 0.079208 0.041237 0.091674 0.191019 0.162417 0.048842 0.074766 0.048140 0.030418 0.060606 0.196741 0.171331 0.147368 0.093023 0.105263 0.217185 0.259147 0.162340 0.198718 0.208889 0.196488 0.137003 0.141034 0.189681 0.259450 0.104167 0.233976 0.172016 0.080460 0.057554 0.230222 0.202638 0.109375 0.100000 0.215366 0.208234 0.200889 0.201760 0.006784 0.184517 0.212392 0.175187 0.065421 0.057723 0.229037 0.213397 0.186679 0.215686 0.206430 0.160502 0.194016 0.209544 0.123596 0.111111 0.188490 0.197587 0.158841
tr|A0A243CLC4|A0A243CLC4_BACTU 0.097971 0.126823 0.124604 0.000000 0.163285 0.065631 0.189566 0.104629 0.072289 0.116043 0.244444 0.070070 0.025974 0.005051 0.064680 0.101776 0.121750 0.153687 0.072606 0.070387 0.080216 0.104312 0.104312 0.067797 0.072289 0.080850 0.091837 0.118056 0.064046 0.088608 0.068802 0.105897 0.059924 0.183466 0.090731 0.070387 0.101266 0.175325 0.017241 0.065948 0.067850 0.130945 0.064997 0.068484 0.033820 0.063729 0.068484 0.043014 0.010483 0.105897 0.065631 0.063729 0.215517 0.044776 0.042254 0.095238 0.109068 0.026414 0.064997 0.041874 0.072289 0.068484 0.180089 0.067533 0.068167 0.064046 0.064997 0.064046 0.064046 0.064046 0.063729 0.066899 0.067216 0.063729 0.027523 0.064046 0.069119 0.064046 0.065631 0.064997 0.068802 0.065314 0.105263 0.042207 0.064046 0.044533 0.063729 0.042857 0.064046 0.064363 0.063412 0.064997 0.043348 0.070714 0.114286 0.072923 0.070070 0.064997 0.065631 0.072289 0.065631 0.067533 0.067216 0.103995 0.066265 0.063729 0.072606 0.068484 0.063729 0.064997 0.014706 0.000000 0.016890 0.107914 0.064046 0.065631 0.073240 0.063412 0.063729 0.074509 0.134735 0.051546 0.069753 0.047127 0.065314 0.063729 0.009324 0.170330 0.076923 0.130435 0.009319 0.215517 0.090226 0.083333 0.217391 0.138889 0.000000 0.000000 0.068167 0.068802 0.170588 0.057070 0.104312 0.068802 0.036873 0.068345 0.000000 0.178218 0.061856 0.113190 0.142314 0.101141 0.018159 0.093458 0.008753 0.072243 0.189394 0.101141 0.068484 0.063158 0.046512 0.026316 0.104629 0.178503 0.071338 0.118580 0.070070 0.064997 0.101776 0.101776 0.070387 0.178503 0.104167 0.164553 0.067216 0.034483 0.179856 0.064363 0.067216 0.125000 0.128571 0.081801 0.064363 0.098288 0.116994 0.101141 0.068484 0.077996 0.097971 0.084112 0.079637 0.064997 0.064363 0.068484 0.103995 0.106531 0.071338 0.072289 0.072289 0.123596 0.013889 0.068484 0.068802 0.098922
tr|A0A243D4B0|A0A243D4B0_BACTU 0.266842 0.250783 0.270519 0.163285 0.000000 0.209611 0.175956 0.283836 0.250302 0.225664 0.152431 0.247279 0.116883 0.075758 0.242663 0.235917 0.095120 0.051688 0.213182 0.247582 0.202961 0.225583 0.225796 0.152542 0.217623 0.221211 0.122449 0.090278 0.231313 0.126582 0.278402 0.226872 0.187802 0.228617 0.127884 0.234428 0.000000 0.045455 0.086207 0.286760 0.245619 0.188703 0.248043 0.245630 0.074558 0.246219 0.214218 0.183728 0.161910 0.229584 0.208979 0.212350 0.051724 0.164179 0.098592 0.071429 0.211356 0.170674 0.231385 0.186108 0.229225 0.266286 0.208909 0.246154 0.245857 0.221600 0.227554 0.245931 0.230840 0.232730 0.232422 0.211757 0.227821 0.216792 0.168196 0.223602 0.223434 0.271424 0.211125 0.251200 0.214892 0.226117 0.233364 0.186773 0.245931 0.186441 0.235564 0.100000 0.245931 0.228704 0.217146 0.231385 0.183728 0.211172 0.171429 0.233016 0.215230 0.233742 0.212753 0.213926 0.227512 0.213971 0.211441 0.242434 0.227146 0.212417 0.229534 0.240364 0.199260 0.213926 0.132353 0.119403 0.168317 0.100719 0.216547 0.232751 0.233016 0.212035 0.212102 0.211441 0.132667 0.092784 0.210493 0.232731 0.212437 0.223464 0.161422 0.296703 0.102564 0.144928 0.160745 0.051724 0.105263 0.116667 0.052174 0.097222 0.011765 0.035088 0.232214 0.231644 0.076471 0.146585 0.286565 0.266765 0.232844 0.050360 0.066038 0.059406 0.010309 0.147881 0.129188 0.273528 0.180338 0.102804 0.118162 0.049430 0.045455 0.293684 0.222948 0.189474 0.104651 0.118421 0.293129 0.221046 0.220519 0.243284 0.281748 0.242507 0.232093 0.235679 0.244613 0.221349 0.000000 0.135345 0.221253 0.091954 0.043165 0.285882 0.250300 0.023438 0.157143 0.267280 0.253878 0.151728 0.263350 0.241135 0.235312 0.280906 0.265471 0.112150 0.151256 0.285296 0.259040 0.237091 0.287879 0.280349 0.218809 0.249622 0.281269 0.179775 0.125000 0.239038 0.247964 0.250915
tr|A0A2A9B590|A0A2A9B590_BACCE 0.128991 0.164085 0.159342 0.065631 0.209611 0.000000 0.240117 0.184319 0.153335 0.184635 0.217014 0.148593 0.805195 0.000000 0.144799 0.180209 0.069554 0.078222 0.152703 0.149225 0.095163 0.179576 0.157762 0.796610 0.152703 0.162504 0.795918 0.798611 0.142586 0.784810 0.147328 0.179893 0.089788 0.291892 0.010950 0.149542 0.784810 0.006494 0.810345 0.148593 0.147961 0.180525 0.145432 0.147961 0.003075 0.146380 0.147328 0.053685 0.007571 0.126146 0.125514 0.141954 0.000000 0.716418 0.746479 0.785714 0.126146 0.038943 0.145432 0.056830 0.152703 0.147961 0.244072 0.147328 0.147961 0.144799 0.147012 0.145115 0.142586 0.142586 0.141954 0.126778 0.145432 0.141954 0.035678 0.141954 0.149542 0.142586 0.146380 0.147012 0.147961 0.147012 0.145115 0.057162 0.145115 0.056830 0.144799 0.742857 0.145115 0.142586 0.144483 0.145432 0.054018 0.083952 0.742857 0.152703 0.130256 0.145432 0.147328 0.152703 0.142586 0.147328 0.126778 0.184635 0.146064 0.142586 0.153019 0.147961 0.146380 0.147012 0.808824 0.805970 0.012813 0.776978 0.141954 0.144799 0.152703 0.141954 0.141954 0.152703 0.178842 0.783505 0.128043 0.144932 0.147012 0.144799 0.006993 0.807692 0.794872 0.695652 0.000000 0.008621 0.781955 0.783333 0.000000 0.750000 0.000000 0.000000 0.148593 0.147328 0.805882 0.145432 0.184635 0.148909 0.148173 0.014388 0.000000 0.000000 0.000000 0.052482 0.227634 0.180209 0.016907 0.775701 0.019694 0.015209 0.000000 0.180525 0.147328 0.800000 0.813953 0.802632 0.184319 0.243756 0.150806 0.186532 0.149225 0.146064 0.180209 0.180209 0.149225 0.244072 0.781250 0.229213 0.147012 0.793103 0.000000 0.147961 0.146380 0.804688 0.700000 0.165033 0.145115 0.179893 0.185899 0.179260 0.147328 0.165349 0.178944 0.785047 0.007483 0.147328 0.145115 0.147645 0.183686 0.184003 0.150806 0.153335 0.153335 0.775281 0.805556 0.147328 0.148909 0.178944
tr|A0A2B0L7U4|A0A2B0L7U4_BACCE 0.238820 0.239145 0.246598 0.189566 0.175956 0.240117 0.000000 0.221970 0.223266 0.223590 0.175000 0.220026 0.220779 0.065657 0.221322 0.229423 0.144848 0.090627 0.223590 0.220674 0.203500 0.229099 0.229423 0.152542 0.223590 0.225535 0.367347 0.486111 0.222294 0.227848 0.222618 0.228451 0.156837 0.077447 0.191240 0.223914 0.126582 0.038961 0.086207 0.223590 0.222618 0.049255 0.223590 0.221646 0.116065 0.224563 0.222618 0.189396 0.193361 0.220998 0.222294 0.221970 0.043103 0.671642 0.169014 0.428571 0.220998 0.177108 0.223590 0.191758 0.223590 0.221646 0.149384 0.222294 0.221646 0.222618 0.223590 0.221970 0.222294 0.222294 0.221970 0.223914 0.223266 0.221970 0.174652 0.221970 0.220350 0.222294 0.223266 0.223590 0.222618 0.223590 0.220998 0.191426 0.221970 0.192423 0.222294 0.157143 0.221970 0.222294 0.222294 0.223590 0.189730 0.200259 0.242857 0.223590 0.220350 0.223590 0.223914 0.223590 0.222294 0.222618 0.223914 0.222294 0.223914 0.222294 0.223914 0.221646 0.221646 0.223590 0.147059 0.119403 0.189284 0.503597 0.221970 0.222294 0.223590 0.221970 0.221970 0.223590 0.093728 0.329897 0.222618 0.155865 0.223590 0.222294 0.192890 0.549451 0.427350 0.608696 0.190448 0.043103 0.481203 0.458333 0.043478 0.680556 0.200000 0.035088 0.223266 0.221646 0.529412 0.222942 0.222294 0.223590 0.228406 0.165468 0.075472 0.049505 0.010309 0.111795 0.026252 0.228451 0.203507 0.383178 0.091904 0.174905 0.037879 0.228775 0.221970 0.326316 0.279070 0.210526 0.221970 0.149384 0.219702 0.213545 0.220350 0.221970 0.229423 0.229423 0.220026 0.149384 0.229167 0.156189 0.223266 0.275862 0.035971 0.223266 0.222942 0.375000 0.628571 0.226507 0.222618 0.227803 0.212573 0.227803 0.221970 0.225535 0.229099 0.392523 0.179583 0.221970 0.222942 0.222942 0.221646 0.222618 0.219702 0.223266 0.223266 0.370787 0.180556 0.221970 0.223590 0.229099
tr|A0A2B3KWI3|A0A2B3KWI3_BACTU 0.225575 0.156230 0.210636 0.104629 0.283836 0.184319 0.221970 0.000000 0.201691 0.131795 0.174306 0.198307 0.116883 0.030303 0.200605 0.177093 0.064546 0.182633 0.169347 0.198912 0.141888 0.167297 0.166824 0.118644 0.174036 0.176969 0.142857 0.166667 0.187635 0.037975 0.228264 0.168345 0.141002 0.292528 0.053578 0.188401 0.126582 0.032468 0.103448 0.229758 0.200906 0.184668 0.205599 0.202532 0.046887 0.202359 0.167663 0.074025 0.066977 0.187057 0.165033 0.167612 0.034483 0.194030 0.056338 0.126984 0.167823 0.060955 0.188000 0.076105 0.186284 0.205644 0.236559 0.202715 0.202772 0.178027 0.181734 0.204039 0.187135 0.189438 0.188824 0.166877 0.181144 0.172306 0.058784 0.179503 0.174198 0.210935 0.164349 0.206783 0.168709 0.180211 0.191046 0.076437 0.204039 0.075773 0.193095 0.057143 0.204039 0.184877 0.173655 0.188000 0.074358 0.090087 0.128571 0.190286 0.165828 0.190491 0.165720 0.170132 0.183617 0.167401 0.166877 0.149475 0.183142 0.167665 0.186593 0.196965 0.186613 0.167297 0.132353 0.119403 0.058824 0.136691 0.172360 0.190126 0.190593 0.167927 0.167350 0.167509 0.131633 0.123711 0.163717 0.184312 0.165720 0.180323 0.066434 0.170330 0.136752 0.246377 0.065230 0.034483 0.142857 0.141667 0.034783 0.194444 0.094118 0.052632 0.186942 0.186790 0.194118 0.211831 0.174485 0.211234 0.187095 0.050360 0.056604 0.039604 0.030928 0.105500 0.191364 0.197936 0.061991 0.130841 0.048140 0.049430 0.030303 0.230356 0.176928 0.189474 0.116279 0.118421 0.173887 0.248866 0.169534 0.183150 0.207947 0.201332 0.172975 0.176837 0.195448 0.248564 0.125000 0.233665 0.177625 0.103448 0.028777 0.228862 0.206835 0.140625 0.242857 0.214520 0.211234 0.230057 0.186590 0.184706 0.190024 0.214222 0.209567 0.121495 0.063602 0.227368 0.211234 0.191873 0.194503 0.173377 0.167712 0.200967 0.210039 0.134831 0.125000 0.193971 0.203620 0.193902
tr|A0A2C1BT69|A0A2C1BT69_BACCE 0.166365 0.190670 0.194746 0.072289 0.250302 0.153335 0.223266 0.201691 0.000000 0.163401 0.202431 0.165961 0.051948 0.005051 0.192738 0.170246 0.083076 0.079945 0.142226 0.166264 0.108883 0.158790 0.158625 0.067797 0.147068 0.144964 0.030612 0.055556 0.157490 0.075949 0.188708 0.159534 0.132548 0.293800 0.008213 0.157717 0.088608 0.012987 0.068966 0.189915 0.188520 0.194910 0.174819 0.189010 0.014604 0.172716 0.134948 0.043348 0.022714 0.157781 0.135631 0.136421 0.008621 0.179104 0.042254 0.047619 0.137855 0.025398 0.159077 0.041210 0.159716 0.189010 0.265745 0.194444 0.189010 0.148771 0.149536 0.194444 0.156971 0.158735 0.158428 0.137168 0.149614 0.141291 0.027523 0.148758 0.141477 0.191727 0.131479 0.189915 0.136035 0.147953 0.161914 0.041542 0.194444 0.044201 0.164681 0.042857 0.174215 0.154630 0.144243 0.159077 0.043681 0.061350 0.028571 0.163849 0.133417 0.161656 0.132891 0.143037 0.153323 0.134676 0.137168 0.183138 0.154013 0.136779 0.160025 0.184825 0.156385 0.134531 0.058824 0.044776 0.004659 0.021583 0.141022 0.161607 0.164156 0.136106 0.136149 0.140329 0.146106 0.051546 0.130847 0.153002 0.132891 0.151459 0.022145 0.181319 0.008547 0.188406 0.016308 0.017241 0.022556 0.025000 0.008696 0.083333 0.011765 0.008772 0.154604 0.154531 0.152941 0.194444 0.220411 0.190217 0.157050 0.010791 0.009434 0.009901 0.000000 0.066123 0.188946 0.210686 0.000000 0.000000 0.000000 0.011407 0.007576 0.215580 0.143968 0.126316 0.046512 0.052632 0.220411 0.276988 0.133876 0.193529 0.185688 0.173479 0.166093 0.169988 0.181487 0.277291 0.083333 0.224331 0.146463 0.034483 0.007194 0.189010 0.174517 0.093750 0.200000 0.194143 0.194444 0.214976 0.219357 0.176688 0.157589 0.194444 0.193841 0.009346 0.022448 0.188104 0.194444 0.160098 0.219807 0.220713 0.131975 0.160774 0.180254 0.056180 0.055556 0.161693 0.190217 0.185976
tr|A0A2C5RGU5|A0A2C5RGU5_BACCE 0.160240 0.151075 0.165929 0.116043 0.225664 0.184635 0.223590 0.131795 0.163401 0.000000 0.199653 0.182048 0.792208 0.030303 0.185209 0.164349 0.056258 0.077877 0.167193 0.182680 0.141909 0.164665 0.164981 0.779661 0.167193 0.170354 0.795918 0.798611 0.185209 0.784810 0.184893 0.163717 0.125158 0.294754 0.059054 0.184576 0.784810 0.045455 0.793103 0.186157 0.185209 0.171618 0.185841 0.184260 0.047656 0.186157 0.163085 0.087696 0.072219 0.164665 0.163769 0.164665 0.051724 0.701493 0.746479 0.785714 0.164665 0.073485 0.185841 0.090728 0.167193 0.184260 0.237042 0.184576 0.184260 0.164349 0.185209 0.185209 0.164981 0.185525 0.164665 0.166561 0.183312 0.164665 0.070336 0.184893 0.161504 0.185209 0.163717 0.185209 0.163085 0.185209 0.164665 0.091060 0.185209 0.090728 0.184893 0.742857 0.185209 0.185209 0.164033 0.185841 0.088029 0.116564 0.728571 0.186473 0.161820 0.185841 0.164033 0.167193 0.185209 0.163085 0.166245 0.150759 0.166561 0.164981 0.167509 0.184260 0.186157 0.164033 0.794118 0.776119 0.065230 0.798561 0.164981 0.184893 0.186473 0.164349 0.164665 0.167193 0.175741 0.773196 0.163085 0.183667 0.164033 0.164033 0.071678 0.796703 0.786325 0.710145 0.070472 0.051724 0.796992 0.800000 0.052174 0.750000 0.105882 0.061404 0.185841 0.183628 0.794118 0.185841 0.150126 0.186157 0.186412 0.053957 0.047170 0.059406 0.051546 0.097345 0.230743 0.186157 0.067627 0.766355 0.059081 0.053232 0.045455 0.186473 0.183628 0.800000 0.779070 0.789474 0.149810 0.237358 0.160872 0.175095 0.182364 0.185841 0.164349 0.164349 0.182680 0.237042 0.770833 0.223767 0.185841 0.793103 0.043165 0.184893 0.183312 0.796875 0.671429 0.189317 0.185841 0.186157 0.173198 0.185841 0.183628 0.189001 0.185209 0.775701 0.069482 0.183628 0.185525 0.184576 0.149810 0.145386 0.160872 0.184576 0.184576 0.764045 0.791667 0.183628 0.186157 0.185209
tr|A0A2K8TXX1|A0A2K8TXX1_BACCE 0.206597 0.183681 0.191667 0.244444 0.152431 0.217014 0.175000 0.174306 0.202431 0.199653 0.000000 0.200694 0.142857 0.328283 0.195486 0.203472 0.147569 0.200000 0.214931 0.201042 0.257292 0.240278 0.240625 0.084746 0.212153 0.213542 0.142857 0.381944 0.195486 0.126582 0.178125 0.214236 0.190625 0.143056 0.172077 0.203472 0.113924 0.032468 0.120690 0.172917 0.191319 0.142708 0.188889 0.187153 0.332052 0.196181 0.212153 0.255903 0.197437 0.243403 0.217361 0.214236 0.034483 0.194030 0.098592 0.404762 0.243403 0.261806 0.203472 0.259375 0.210069 0.182639 0.111458 0.194097 0.188542 0.207639 0.200347 0.185417 0.208333 0.207986 0.207292 0.218056 0.211111 0.211806 0.258333 0.202431 0.208333 0.184722 0.216667 0.184028 0.214931 0.213889 0.243403 0.259375 0.185069 0.254514 0.206944 0.100000 0.184722 0.209375 0.211806 0.203819 0.256250 0.231597 0.171429 0.204861 0.210417 0.193056 0.216667 0.213889 0.212153 0.212500 0.218403 0.179514 0.213889 0.214931 0.210417 0.195139 0.201736 0.214583 0.161765 0.149254 0.191031 0.115108 0.210417 0.202431 0.205208 0.214583 0.214583 0.216319 0.169444 0.123711 0.216319 0.285069 0.216319 0.207292 0.196970 0.324176 0.111111 0.173913 0.195690 0.034483 0.120301 0.125000 0.034783 0.125000 0.094118 0.157895 0.207986 0.205208 0.323529 0.175347 0.153125 0.177778 0.235764 0.043165 0.056604 0.039604 0.061856 0.237500 0.232639 0.192014 0.202254 0.112150 0.124726 0.041825 0.030303 0.168750 0.210417 0.221053 0.139535 0.144737 0.154167 0.094792 0.204514 0.185764 0.195486 0.195139 0.208333 0.203819 0.203472 0.094444 0.093750 0.180556 0.212847 0.126437 0.028777 0.166667 0.191667 0.367188 0.171429 0.176042 0.180208 0.175000 0.182292 0.206944 0.206250 0.176736 0.184375 0.121495 0.182790 0.178472 0.172222 0.197917 0.150347 0.162153 0.206597 0.190278 0.176389 0.179775 0.152778 0.203125 0.187847 0.202431
tr|A0A2N3NS47|A0A2N3NS47_9BACI 0.160218 0.188165 0.192563 0.070070 0.247279 0.148593 0.220026 0.198307 0.165961 0.182048 0.200694 0.000000 0.000000 0.000000 0.188502 0.167756 0.081223 0.076844 0.139704 0.178658 0.105182 0.156585 0.156102 0.084746 0.144559 0.146533 0.102041 0.013889 0.152568 0.088608 0.181681 0.157332 0.126965 0.290620 0.000000 0.152501 0.113924 0.006494 0.000000 0.183495 0.182285 0.191496 0.188936 0.183495 0.006918 0.167877 0.128657 0.038346 0.019220 0.153159 0.130888 0.131695 0.000000 0.164179 0.056338 0.015873 0.133123 0.022350 0.154769 0.037886 0.157244 0.183495 0.262673 0.189238 0.183495 0.144102 0.145201 0.189238 0.152047 0.154130 0.153823 0.132427 0.144977 0.136591 0.022766 0.144099 0.134933 0.186518 0.127054 0.185308 0.130694 0.143610 0.157314 0.038219 0.189238 0.039216 0.160098 0.057143 0.189238 0.149691 0.139549 0.154769 0.038680 0.058121 0.128571 0.180449 0.127439 0.157362 0.128788 0.140517 0.148377 0.128383 0.132427 0.200124 0.149365 0.131737 0.157553 0.180273 0.151758 0.130120 0.000000 0.014925 0.000000 0.093525 0.136321 0.157007 0.161389 0.131380 0.131421 0.137800 0.176085 0.010309 0.124526 0.148806 0.128472 0.146803 0.018648 0.247253 0.059829 0.173913 0.012813 0.008621 0.097744 0.091667 0.000000 0.111111 0.011765 0.000000 0.148753 0.168664 0.135294 0.189541 0.217050 0.183797 0.151929 0.000000 0.000000 0.000000 0.010309 0.059553 0.185838 0.208865 0.003757 0.065421 0.010941 0.000000 0.000000 0.213120 0.138682 0.084211 0.000000 0.000000 0.217050 0.273964 0.132312 0.190476 0.178356 0.168937 0.163591 0.167497 0.175114 0.274267 0.093750 0.222153 0.140542 0.011494 0.000000 0.182588 0.188029 0.078125 0.185714 0.196191 0.189238 0.212213 0.216626 0.174530 0.152387 0.196796 0.211306 0.065421 0.018707 0.182285 0.189238 0.153987 0.216143 0.217050 0.130408 0.165054 0.184401 0.134831 0.000000 0.156516 0.183797 0.183537
tr|A0A4U3AU86|A0A4U3AU86_BACCE 0.000000 0.688312 0.103896 0.025974 0.116883 0.805195 0.220779 0.116883 0.051948 0.792208 0.142857 0.000000 0.000000 0.805195 0.090909 0.675325 0.168831 0.805195 0.792208 0.000000 0.000000 0.792208 0.792208 0.084746 0.753247 0.714286 0.051948 0.000000 0.675325 0.129870 0.000000 0.779221 0.000000 0.129870 0.805195 0.077922 0.116883 0.831169 0.000000 0.000000 0.064935 0.233766 0.090909 0.000000 0.805195 0.051948 0.805195 0.103896 0.805195 0.090909 0.805195 0.805195 0.831169 0.611940 0.112676 0.000000 0.805195 0.675325 0.662338 0.103896 0.064935 0.000000 0.116883 0.051948 0.000000 0.662338 0.675325 0.090909 0.103896 0.064935 0.064935 0.805195 0.142857 0.740260 0.675325 0.662338 0.662338 0.064935 0.805195 0.051948 0.805195 0.194805 0.090909 0.103896 0.090909 0.103896 0.090909 0.100000 0.090909 0.064935 0.714286 0.662338 0.103896 0.051948 0.128571 0.051948 0.779221 0.662338 0.805195 0.792208 0.142857 0.779221 0.805195 0.636364 0.207792 0.805195 0.064935 0.000000 0.662338 0.805195 0.000000 0.014925 0.805195 0.051948 0.701299 0.090909 0.051948 0.805195 0.805195 0.792208 0.818182 0.000000 0.805195 0.675325 0.805195 0.675325 0.805195 0.090909 0.051948 0.637681 0.805195 0.831169 0.051948 0.051948 0.831169 0.638889 0.896104 0.805195 0.000000 0.675325 0.000000 0.012987 0.103896 0.000000 0.000000 0.818182 0.857143 0.857143 0.870130 0.000000 0.805195 0.103896 0.805195 0.051948 0.831169 0.818182 0.831169 0.103896 0.675325 0.000000 0.000000 0.000000 0.116883 0.116883 0.688312 0.116883 0.000000 0.012987 0.688312 0.675325 0.000000 0.116883 0.116883 0.701299 0.675325 0.012987 0.831169 0.012987 0.064935 0.116883 0.642857 0.051948 0.051948 0.103896 0.142857 0.142857 0.000000 0.051948 0.090909 0.051948 0.805195 0.000000 0.090909 0.000000 0.103896 0.116883 0.714286 0.051948 0.051948 0.090909 0.000000 0.000000 0.000000 0.116883
tr|A0A4V5TUF8|A0A4V5TUF8_BACCE 0.000000 0.030303 0.040404 0.005051 0.075758 0.000000 0.065657 0.030303 0.005051 0.030303 0.328283 0.000000 0.805195 0.000000 0.000000 0.035354 0.055556 0.065657 0.010101 0.000000 0.000000 0.035354 0.035354 0.779661 0.010101 0.005051 0.816327 0.798611 0.000000 0.797468 0.000000 0.035354 0.000000 0.070707 0.313131 0.000000 0.797468 0.370130 0.810345 0.000000 0.000000 0.065657 0.000000 0.000000 0.000000 0.005051 0.000000 0.000000 0.363636 0.000000 0.000000 0.000000 0.301724 0.731343 0.802817 0.785714 0.000000 0.000000 0.000000 0.000000 0.010101 0.000000 0.070707 0.000000 0.000000 0.000000 0.000000 0.000000 0.000000 0.000000 0.000000 0.000000 0.000000 0.000000 0.000000 0.000000 0.005051 0.000000 0.000000 0.000000 0.000000 0.000000 0.000000 0.000000 0.000000 0.000000 0.000000 0.814286 0.000000 0.000000 0.000000 0.000000 0.000000 0.000000 0.814286 0.010101 0.000000 0.000000 0.000000 0.010101 0.000000 0.000000 0.000000 0.035354 0.000000 0.000000 0.010101 0.000000 0.000000 0.000000 0.823529 0.820896 0.363636 0.827338 0.000000 0.000000 0.010101 0.000000 0.000000 0.010101 0.080808 0.804124 0.000000 0.005051 0.000000 0.000000 0.363636 0.835165 0.811966 0.695652 0.363636 0.293103 0.819549 0.816667 0.304348 0.763889 0.823529 0.412281 0.000000 0.000000 0.794118 0.000000 0.030303 0.000000 0.000000 0.363636 0.377358 0.346535 0.402062 0.000000 0.070707 0.030303 0.368687 0.822430 0.348485 0.363636 0.340909 0.040404 0.000000 0.810526 0.813953 0.802632 0.030303 0.070707 0.005051 0.075758 0.000000 0.005051 0.035354 0.035354 0.000000 0.070707 0.791667 0.075758 0.000000 0.793103 0.338129 0.005051 0.000000 0.804688 0.714286 0.010101 0.000000 0.030303 0.080808 0.030303 0.000000 0.010101 0.035354 0.813084 0.368687 0.000000 0.000000 0.000000 0.035354 0.030303 0.005051 0.005051 0.005051 0.808989 0.805556 0.000000 0.000000 0.035354
tr|A0A679GQR2|A0A679GQR2_9BACI 0.167625 0.191609 0.196067 0.064680 0.242663 0.144799 0.221322 0.200605 0.192738 0.185209 0.195486 0.188502 0.090909 0.000000 0.000000 0.172113 0.084929 0.078911 0.134658 0.168835 0.106416 0.160365 0.160202 0.101695 0.139542 0.149043 0.040816 0.145833 0.149185 0.113924 0.187292 0.161108 0.128290 0.292528 0.016817 0.157410 0.177215 0.006494 0.120690 0.188502 0.187595 0.194600 0.161573 0.185779 0.003843 0.164599 0.134319 0.041347 0.004659 0.145146 0.122352 0.127914 0.000000 0.119403 0.084507 0.150794 0.124921 0.026414 0.147385 0.041874 0.152302 0.185779 0.265438 0.165809 0.185779 0.136010 0.146130 0.159758 0.148661 0.150752 0.150138 0.125158 0.146832 0.132832 0.026164 0.140373 0.142412 0.181846 0.128003 0.165507 0.135407 0.144541 0.149341 0.042207 0.159758 0.041874 0.151848 0.085714 0.159758 0.146296 0.132040 0.147385 0.041681 0.061350 0.000000 0.156471 0.136249 0.150000 0.129735 0.135476 0.144977 0.134047 0.125158 0.183447 0.142237 0.128270 0.152610 0.163278 0.148365 0.131065 0.102941 0.089552 0.020384 0.093525 0.132874 0.148727 0.156471 0.127914 0.127639 0.132743 0.146451 0.113402 0.130215 0.145255 0.129419 0.138423 0.004079 0.285714 0.059829 0.159420 0.008154 0.008621 0.097744 0.066667 0.000000 0.208333 0.000000 0.000000 0.153680 0.154224 0.252941 0.179728 0.219365 0.188502 0.148173 0.017986 0.000000 0.000000 0.010309 0.076248 0.186874 0.214026 0.023795 0.074766 0.006565 0.019011 0.000000 0.216944 0.143346 0.178947 0.093023 0.092105 0.218759 0.276248 0.141383 0.193834 0.188502 0.160460 0.167970 0.171856 0.166009 0.276551 0.187500 0.218419 0.137738 0.080460 0.000000 0.187595 0.165507 0.164062 0.157143 0.202421 0.179728 0.216036 0.219357 0.178538 0.156977 0.202421 0.193646 0.065421 0.000000 0.186384 0.179425 0.159487 0.218457 0.218457 0.139498 0.172466 0.192436 0.044944 0.097222 0.161084 0.168533 0.187500
tr|A0A6L3WIN5|A0A6L3WIN5_BACCE 0.167445 0.172511 0.141301 0.101776 0.235917 0.180209 0.229423 0.177093 0.170246 0.164349 0.203472 0.167756 0.675325 0.035354 0.172113 0.000000 0.079988 0.145072 0.161148 0.188920 0.139745 0.129805 0.128351 0.796610 0.165883 0.173517 0.612245 0.631944 0.192655 0.645570 0.190787 0.149150 0.131341 0.298569 0.046930 0.190165 0.645570 0.051948 0.793103 0.191721 0.191099 0.196701 0.194211 0.190787 0.046118 0.193900 0.162001 0.065022 0.058824 0.174292 0.160291 0.161941 0.060345 0.328358 0.676056 0.619048 0.163091 0.052489 0.194211 0.069458 0.172113 0.190787 0.258948 0.190165 0.190787 0.173358 0.192655 0.193277 0.172425 0.172425 0.172113 0.162453 0.170868 0.166667 0.048250 0.172113 0.168277 0.192655 0.158660 0.192655 0.162425 0.192655 0.174292 0.069791 0.193277 0.067132 0.193277 0.685714 0.193277 0.172425 0.168961 0.194211 0.065355 0.095253 0.714286 0.191099 0.160164 0.174292 0.160038 0.161941 0.172425 0.161737 0.162453 0.197012 0.175226 0.161992 0.172425 0.190787 0.173669 0.161626 0.750000 0.746269 0.047758 0.669065 0.166406 0.193277 0.191099 0.161626 0.161677 0.159292 0.193315 0.608247 0.158028 0.178825 0.160038 0.173358 0.058275 0.670330 0.589744 0.275362 0.054164 0.060345 0.624060 0.608333 0.060870 0.319444 0.011765 0.131579 0.171491 0.189854 0.664706 0.193900 0.195456 0.191721 0.184022 0.028777 0.066038 0.069307 0.030928 0.086835 0.235924 0.159041 0.049468 0.579439 0.045952 0.030418 0.053030 0.160286 0.190165 0.663158 0.639535 0.684211 0.195767 0.258637 0.162965 0.200436 0.188298 0.193589 0.132312 0.136364 0.188920 0.258948 0.593750 0.234672 0.172016 0.620690 0.050360 0.191721 0.191721 0.617188 0.285714 0.197635 0.193589 0.159664 0.199502 0.160598 0.190165 0.197946 0.158730 0.579439 0.057723 0.190165 0.193589 0.191099 0.196078 0.196078 0.161129 0.190787 0.190787 0.640449 0.708333 0.190165 0.191721 0.158730
tr|A0A6N2HCG6|A0A6N2HCG6_9BACI 0.081223 0.051033 0.085547 0.121750 0.095120 0.069554 0.144848 0.064546 0.083076 0.056258 0.147569 0.081223 0.168831 0.055556 0.084929 0.079988 0.000000 0.135079 0.070325 0.081532 0.153181 0.074039 0.073794 0.084746 0.071809 0.075620 0.214286 0.451389 0.085238 0.139241 0.083385 0.075519 0.093576 0.248967 0.069613 0.083385 0.164557 0.032468 0.137931 0.083694 0.085547 0.060832 0.084929 0.084002 0.043812 0.084620 0.071092 0.082694 0.095515 0.193020 0.070187 0.069628 0.034483 0.507463 0.112676 0.380952 0.175710 0.070098 0.085547 0.086740 0.071980 0.084311 0.066708 0.083385 0.084311 0.077809 0.083591 0.083076 0.082458 0.085238 0.084620 0.071113 0.072334 0.072995 0.066259 0.077019 0.074478 0.085238 0.070164 0.085855 0.071002 0.084057 0.193020 0.086740 0.082767 0.085410 0.084002 0.114286 0.083076 0.072884 0.073217 0.085547 0.083028 0.114627 0.171429 0.082149 0.067967 0.085238 0.070707 0.070258 0.072952 0.069226 0.071429 0.065164 0.086458 0.069965 0.072289 0.082458 0.085855 0.070573 0.176471 0.164179 0.088526 0.410072 0.071764 0.084002 0.082458 0.069943 0.069650 0.070164 0.090283 0.237113 0.069216 0.084248 0.070391 0.079454 0.094988 0.527473 0.341880 0.521739 0.093186 0.034483 0.390977 0.341667 0.034783 0.486111 0.094118 0.017544 0.070414 0.083694 0.517647 0.084929 0.064546 0.084002 0.115056 0.050360 0.047170 0.039604 0.061856 0.121989 0.150950 0.087091 0.092674 0.289720 0.052516 0.049430 0.030303 0.086164 0.077425 0.273684 0.162791 0.171053 0.063928 0.067634 0.070378 0.080914 0.080914 0.084002 0.076322 0.079701 0.081841 0.067326 0.250000 0.089608 0.077594 0.149425 0.028777 0.081841 0.082458 0.398438 0.528571 0.074429 0.085855 0.086782 0.079988 0.072576 0.084002 0.085238 0.088326 0.289720 0.089792 0.083385 0.071649 0.080914 0.051884 0.064546 0.069279 0.083076 0.069487 0.247191 0.166667 0.083385 0.083694 0.086782
tr|A0A7M3FUU0|A0A7M3FUU0_BACCE 0.077877 0.071675 0.146106 0.153687 0.051688 0.078222 0.090627 0.182633 0.079945 0.077877 0.200000 0.076844 0.805195 0.065657 0.078911 0.145072 0.135079 0.000000 0.079945 0.077188 0.160924 0.145417 0.145072 0.796610 0.079945 0.082012 0.795918 0.798611 0.077533 0.759494 0.184011 0.146795 0.137147 0.020331 0.238170 0.076499 0.797468 0.194805 0.775862 0.185045 0.079256 0.048243 0.079600 0.076154 0.119139 0.079600 0.076844 0.166782 0.191613 0.122329 0.079256 0.077188 0.224138 0.746269 0.760563 0.785714 0.122329 0.166782 0.079600 0.166782 0.079945 0.075810 0.031702 0.079256 0.077533 0.078911 0.078222 0.078567 0.077533 0.077877 0.077188 0.079945 0.078911 0.077188 0.166782 0.077188 0.077877 0.077533 0.079256 0.078222 0.078567 0.078222 0.122329 0.166437 0.078222 0.166782 0.078222 0.742857 0.078222 0.076154 0.077533 0.079600 0.167126 0.167815 0.757143 0.078911 0.075810 0.079600 0.078567 0.079945 0.077533 0.078567 0.080289 0.073053 0.078222 0.077533 0.080289 0.075810 0.139559 0.078222 0.808824 0.805970 0.187536 0.784173 0.077533 0.078222 0.079256 0.077533 0.077188 0.080634 0.094073 0.804124 0.079256 0.147484 0.078222 0.078222 0.191142 0.791209 0.794872 0.666667 0.188701 0.224138 0.789474 0.808333 0.226087 0.652778 0.188235 0.035088 0.079256 0.078911 0.800000 0.080289 0.180565 0.079945 0.179187 0.161871 0.066038 0.217822 0.020619 0.160924 0.025561 0.145762 0.201628 0.775701 0.094092 0.171103 0.212121 0.188491 0.079600 0.800000 0.813953 0.802632 0.073053 0.032047 0.078911 0.054445 0.077188 0.077877 0.145072 0.145072 0.077188 0.031702 0.781250 0.051688 0.079600 0.793103 0.201439 0.184700 0.078222 0.804688 0.671429 0.085458 0.079600 0.144728 0.054101 0.144383 0.079600 0.187112 0.144383 0.785047 0.195617 0.183666 0.079256 0.078911 0.072364 0.073742 0.078911 0.079945 0.079945 0.786517 0.805556 0.079600 0.079945 0.144383
tr|A0A828X6V3|A0A828X6V3_BACCE 0.139388 0.168716 0.161463 0.072606 0.213182 0.152703 0.223590 0.169347 0.142226 0.167193 0.214931 0.139704 0.792208 0.010101 0.134658 0.161148 0.070325 0.079945 0.000000 0.160833 0.101545 0.182592 0.158625 0.796610 0.144119 0.146641 0.795918 0.798611 0.156418 0.784810 0.157679 0.182592 0.096815 0.294754 0.022683 0.158940 0.784810 0.006494 0.810345 0.158310 0.157994 0.184169 0.155156 0.155787 0.009224 0.158310 0.135919 0.054685 0.018055 0.133081 0.130888 0.134342 0.000000 0.641791 0.760563 0.785714 0.132808 0.039959 0.155156 0.057827 0.144119 0.155787 0.250394 0.153895 0.155787 0.154525 0.158625 0.154841 0.134658 0.156418 0.155787 0.133059 0.135919 0.134342 0.036697 0.155787 0.159571 0.156418 0.134324 0.158625 0.135289 0.158625 0.133081 0.058159 0.154841 0.057827 0.154525 0.742857 0.154841 0.156418 0.132766 0.155156 0.055018 0.084598 0.742857 0.144119 0.138127 0.155156 0.136048 0.144119 0.156418 0.135919 0.133059 0.189215 0.134973 0.134658 0.144434 0.155787 0.157679 0.136550 0.794118 0.805970 0.029121 0.776978 0.134658 0.154525 0.144119 0.134027 0.134342 0.122314 0.180910 0.783505 0.134008 0.153002 0.135732 0.154525 0.017483 0.791209 0.794872 0.579710 0.019220 0.008621 0.781955 0.808333 0.000000 0.694444 0.011765 0.000000 0.158310 0.157364 0.794118 0.154841 0.189530 0.158625 0.153977 0.017986 0.018868 0.000000 0.000000 0.063387 0.190674 0.183223 0.032561 0.775701 0.004376 0.019011 0.000000 0.182908 0.157994 0.800000 0.813953 0.789474 0.189215 0.250079 0.138757 0.190792 0.160833 0.154525 0.182908 0.182908 0.161148 0.250394 0.791667 0.232734 0.156102 0.793103 0.000000 0.157994 0.155471 0.796875 0.585714 0.172185 0.154841 0.182908 0.190161 0.182277 0.157994 0.172816 0.181331 0.785047 0.016569 0.157994 0.154841 0.157994 0.188584 0.188584 0.138757 0.162725 0.162725 0.775281 0.791667 0.157994 0.158625 0.181331
tr|A0A854DU97|A0A854DU97_BACTU 0.160822 0.188478 0.192866 0.070387 0.247582 0.149225 0.220674 0.198912 0.166264 0.182680 0.201042 0.178658 0.000000 0.000000 0.168835 0.188920 0.081532 0.077188 0.160833 0.000000 0.105490 0.156900 0.156418 0.084746 0.145187 0.146847 0.102041 0.013889 0.153184 0.088608 0.182285 0.157646 0.127267 0.291256 0.000391 0.153114 0.113924 0.006494 0.000000 0.183797 0.182588 0.192427 0.169891 0.183797 0.006918 0.168784 0.129286 0.038680 0.019802 0.153775 0.131521 0.132010 0.000000 0.164179 0.056338 0.015873 0.133754 0.022689 0.155077 0.038219 0.157862 0.183797 0.263287 0.189843 0.183797 0.144725 0.145820 0.189541 0.152662 0.154744 0.154130 0.133059 0.145595 0.136905 0.023106 0.144410 0.135556 0.186820 0.127686 0.185913 0.131323 0.144231 0.157927 0.038551 0.189541 0.039548 0.160709 0.057143 0.189541 0.150309 0.140175 0.155077 0.039013 0.058444 0.128571 0.181064 0.128068 0.157669 0.129419 0.141147 0.148995 0.129012 0.132743 0.200432 0.149985 0.132367 0.158171 0.180577 0.152375 0.130750 0.000000 0.014925 0.000582 0.093525 0.136948 0.157620 0.162004 0.132010 0.131737 0.138432 0.176430 0.010309 0.125158 0.149128 0.129104 0.147424 0.019231 0.247253 0.059829 0.173913 0.013395 0.008621 0.097744 0.091667 0.000000 0.111111 0.011765 0.000000 0.149369 0.169278 0.135294 0.190145 0.217654 0.184099 0.143394 0.000000 0.000000 0.000000 0.010309 0.059855 0.186528 0.209472 0.004383 0.065421 0.010941 0.000000 0.000000 0.213422 0.139303 0.084211 0.000000 0.000000 0.217352 0.274569 0.132937 0.191087 0.178960 0.169543 0.163904 0.167808 0.176024 0.274871 0.093750 0.222464 0.141165 0.011494 0.000000 0.183192 0.188634 0.078125 0.185714 0.196493 0.189843 0.212515 0.217233 0.174838 0.152999 0.197098 0.190750 0.065421 0.019241 0.182588 0.189541 0.154293 0.216747 0.217654 0.131034 0.165961 0.185308 0.134831 0.000000 0.157125 0.184099 0.183841
tr|A0A855C205|A0A855C205_BACCE 0.106724 0.137132 0.136027 0.080216 0.202961 0.095163 0.203500 0.141888 0.108883 0.141909 0.257292 0.105182 0.000000 0.000000 0.106416 0.139745 0.153181 0.160924 0.101545 0.105490 0.000000 0.133900 0.133081 0.084746 0.103794 0.106997 0.102041 0.076389 0.109500 0.101266 0.105799 0.135305 0.041641 0.198728 0.116152 0.101172 0.113924 0.045455 0.000000 0.112585 0.104257 0.170391 0.110734 0.100555 0.109147 0.106416 0.090909 0.066022 0.016890 0.150833 0.096111 0.095778 0.043103 0.149254 0.056338 0.047619 0.141009 0.057230 0.111659 0.071452 0.115539 0.101172 0.217767 0.113819 0.101172 0.101152 0.101238 0.108267 0.109500 0.109809 0.109192 0.097029 0.108501 0.098371 0.050968 0.099379 0.103147 0.110426 0.093552 0.106724 0.092366 0.108251 0.151758 0.071785 0.108267 0.067132 0.111968 0.057143 0.107958 0.109568 0.099499 0.111659 0.066355 0.091702 0.128571 0.112276 0.094084 0.107033 0.094381 0.101449 0.110665 0.091252 0.097345 0.144225 0.110939 0.096124 0.115848 0.094386 0.110426 0.094518 0.000000 0.014925 0.013978 0.115108 0.096835 0.104874 0.111968 0.096093 0.095808 0.100822 0.158511 0.041237 0.090708 0.061975 0.094697 0.104904 0.015734 0.285714 0.085470 0.188406 0.015143 0.051724 0.112782 0.116667 0.043478 0.208333 0.011765 0.000000 0.105182 0.103640 0.182353 0.114436 0.144664 0.109192 0.049505 0.089928 0.000000 0.000000 0.041237 0.151450 0.153368 0.135719 0.013776 0.074766 0.010941 0.095057 0.037879 0.143738 0.101368 0.052632 0.034884 0.000000 0.146206 0.215299 0.098217 0.154226 0.112276 0.107958 0.134814 0.134184 0.108267 0.215608 0.104167 0.200685 0.101278 0.045977 0.035971 0.111351 0.111968 0.109375 0.200000 0.120605 0.111968 0.144047 0.142813 0.145281 0.107650 0.122764 0.144047 0.065421 0.088723 0.111659 0.111659 0.098705 0.144664 0.143430 0.098433 0.109809 0.113510 0.134831 0.000000 0.106107 0.104874 0.143430
