128
tr|A0A022LF30|A0A022LF30_9MICO 0.000000 0.062069 0.075342 0.057471 0.057604 0.068966 0.061927 0.064220 0.061503 0.065909 0.069284 0.057078 0.043478 0.059770 0.073903 0.011364 0.064073 0.066514 0.075000 0.083900 0.014528 0.015909 0.013514 0.074830 0.013761 0.013636 0.087838 0.013636 0.090090 0.011364 0.013636 0.076037 0.075000 0.015909 0.075342 0.041190 0.043084 0.013514 0.057471 0.015766 0.059226 0.059770 0.083900 0.057737 0.029817 0.040541 0.042889 0.036281 0.047404 0.057737 0.047404 0.049550 0.047404 0.049550 0.042889 0.055046 0.047404 0.047404 0.049550 0.057471 0.051802 0.002273 0.064220 0.015909 0.004505 0.015909 0.064073 0.066362 0.020455 0.036530 0.070776 0.064073 0.068966 0.066514 0.020455 0.059770 0.057471 0.068182 0.020270 0.018018 0.013636 0.011364 0.083900 0.015766 0.018182 0.081633 0.062069 0.064073 0.059226 0.077803 0.050343 0.064073 0.049661 0.020455 0.040816 0.061927 0.018182 0.015837 0.029279 0.036199 0.097065 0.004505 0.018182 0.038549 0.015766 0.011468 0.059770 0.055556 0.018182 0.027149 0.004545 0.015766 0.031674 0.004525 0.040816 0.006849 0.002262 0.018349 0.078829 0.057604 0.068493 0.079365 0.057471 0.036530 0.061785 0.066667 0.066975 0.057471
tr|A0A0N6ZWJ6|A0A0N6ZWJ6_9MICO 0.062069 0.000000 0.068966 0.016092 0.018433 0.057471 0.025287 0.029885 0.034483 0.025287 0.055427 0.032184 0.057471 0.045977 0.073903 0.057471 0.027586 0.018391 0.057471 0.071264 0.036320 0.059770 0.057471 0.068966 0.055172 0.055172 0.064368 0.057471 0.066667 0.057471 0.059770 0.057604 0.057471 0.055172 0.064368 0.055172 0.064368 0.057471 0.016092 0.059770 0.039080 0.016092 0.071264 0.057737 0.055172 0.064368 0.062069 0.059770 0.062069 0.057737 0.062069 0.062069 0.062069 0.062069 0.057471 0.027586 0.062069 0.062069 0.062069 0.018391 0.062069 0.059770 0.022989 0.055172 0.059770 0.059770 0.027586 0.022989 0.057471 0.048276 0.029885 0.027586 0.025287 0.027586 0.055172 0.009195 0.048276 0.027586 0.055172 0.055172 0.057471 0.057471 0.073563 0.055172 0.057471 0.071264 0.018391 0.025287 0.027586 0.066667 0.032184 0.025287 0.062069 0.057471 0.062069 0.027586 0.055172 0.055172 0.057471 0.057471 0.080460 0.057471 0.062069 0.062069 0.059770 0.059770 0.002299 0.020833 0.055172 0.059770 0.057471 0.057471 0.064368 0.057471 0.062069 0.059770 0.059770 0.057471 0.043678 0.062212 0.027586 0.066667 0.011494 0.048276 0.022989 0.027586 0.057737 0.018391
tr|A0A0Q5RSP0|A0A0Q5RSP0_9MICO 0.075342 0.068966 0.000000 0.066667 0.064516 0.048276 0.075688 0.077982 0.077626 0.066210 0.032333 0.063927 0.080092 0.071264 0.043880 0.073059 0.068650 0.071101 0.066210 0.070776 0.055690 0.073059 0.073059 0.073059 0.066514 0.070776 0.077626 0.073059 0.079909 0.073059 0.075342 0.066820 0.066210 0.070776 0.004566 0.077803 0.086758 0.073059 0.064368 0.075342 0.068493 0.071264 0.070776 0.027714 0.075688 0.079909 0.084475 0.079909 0.082192 0.027714 0.082192 0.082192 0.082192 0.082192 0.082192 0.055046 0.082192 0.082192 0.082192 0.068966 0.082192 0.075342 0.077982 0.070776 0.075342 0.073059 0.077803 0.080092 0.073059 0.079909 0.077626 0.075515 0.066667 0.075688 0.070776 0.068966 0.068966 0.068493 0.070776 0.070776 0.073059 0.073059 0.073059 0.070776 0.075342 0.070776 0.075862 0.077803 0.075342 0.064073 0.059497 0.077803 0.082192 0.068493 0.082192 0.077982 0.070776 0.075342 0.082192 0.077626 0.054795 0.073059 0.077626 0.082192 0.075342 0.071101 0.068966 0.062500 0.070776 0.079909 0.073059 0.073059 0.084475 0.073059 0.082192 0.075342 0.075342 0.073394 0.079909 0.062212 0.075342 0.075342 0.066667 0.079909 0.075515 0.064368 0.036952 0.073563
tr|A0A147DMW8|A0A147DMW8_9MICO 0.057471 0.016092 0.066667 0.000000 0.020737 0.062069 0.034483 0.039080 0.034483 0.029885 0.057737 0.029885 0.055172 0.048276 0.076212 0.052874 0.036782 0.025287 0.055172 0.068966 0.033898 0.055172 0.052874 0.059770 0.050575 0.050575 0.064368 0.052874 0.066667 0.052874 0.055172 0.055300 0.055172 0.050575 0.066667 0.052874 0.064368 0.052874 0.020690 0.055172 0.039080 0.018391 0.068966 0.060046 0.050575 0.059770 0.062069 0.059770 0.059770 0.060046 0.059770 0.062069 0.059770 0.062069 0.057471 0.027586 0.059770 0.059770 0.062069 0.011494 0.062069 0.055172 0.032184 0.050575 0.055172 0.055172 0.034483 0.032184 0.052874 0.048276 0.036782 0.034483 0.022989 0.027586 0.050575 0.006897 0.050575 0.032184 0.050575 0.050575 0.052874 0.052874 0.071264 0.050575 0.052874 0.068966 0.016092 0.034483 0.032184 0.068966 0.029885 0.034483 0.059770 0.052874 0.062069 0.036782 0.050575 0.050575 0.057471 0.055172 0.082759 0.052874 0.057471 0.062069 0.055172 0.055172 0.016092 0.027778 0.050575 0.057471 0.052874 0.052874 0.062069 0.052874 0.062069 0.055172 0.055172 0.055172 0.050575 0.059908 0.034483 0.057471 0.004598 0.048276 0.032184 0.025287 0.060046 0.018391
tr|A0A175S3M8|A0A175S3M8_9MICO 0.057604 0.018433 0.064516 0.020737 0.000000 0.059908 0.032258 0.034562 0.043779 0.032258 0.057737 0.036866 0.050691 0.048387 0.073903 0.052995 0.032258 0.018433 0.048387 0.062212 0.036320 0.055300 0.052995 0.059908 0.050691 0.050691 0.062212 0.052995 0.064516 0.052995 0.055300 0.048387 0.048387 0.050691 0.064516 0.052995 0.064516 0.052995 0.016129 0.055300 0.046083 0.023041 0.062212 0.057737 0.048387 0.059908 0.057604 0.057604 0.059908 0.057737 0.059908 0.059908 0.059908 0.059908 0.059908 0.034562 0.059908 0.059908 0.059908 0.020737 0.059908 0.055300 0.029954 0.050691 0.055300 0.055300 0.032258 0.029954 0.052995 0.046083 0.034562 0.032258 0.020737 0.032258 0.050691 0.018433 0.050691 0.034562 0.050691 0.050691 0.052995 0.052995 0.064516 0.050691 0.055300 0.062212 0.025346 0.032258 0.027650 0.071429 0.032258 0.032258 0.059908 0.052995 0.059908 0.032258 0.050691 0.055300 0.057604 0.052995 0.080645 0.052995 0.057604 0.059908 0.055300 0.055300 0.018433 0.020833 0.050691 0.052995 0.052995 0.052995 0.052995 0.052995 0.059908 0.055300 0.055300 0.052995 0.046083 0.059908 0.032258 0.062212 0.016129 0.046083 0.029954 0.023041 0.053118 0.025346
tr|A0A181Z8D7|A0A181Z8D7_9MICO 0.068966 0.057471 0.048276 0.062069 0.059908 0.000000 0.066667 0.073563 0.066667 0.059770 0.039261 0.055172 0.064368 0.062069 0.041570 0.066667 0.055172 0.059770 0.064368 0.071264 0.055690 0.066667 0.066667 0.073563 0.064368 0.064368 0.080460 0.066667 0.082759 0.066667 0.068966 0.066820 0.064368 0.064368 0.043678 0.062069 0.075862 0.066667 0.062069 0.068966 0.068966 0.064368 0.071264 0.030023 0.071264 0.073563 0.068966 0.071264 0.073563 0.030023 0.073563 0.073563 0.073563 0.073563 0.071264 0.052874 0.073563 0.073563 0.073563 0.066667 0.073563 0.068966 0.064368 0.064368 0.068966 0.066667 0.066667 0.064368 0.066667 0.064368 0.059770 0.066667 0.062069 0.071264 0.066667 0.062069 0.064368 0.062069 0.064368 0.064368 0.066667 0.066667 0.073563 0.064368 0.068966 0.071264 0.066667 0.066667 0.066667 0.036782 0.052874 0.066667 0.073563 0.062069 0.073563 0.071264 0.064368 0.068966 0.071264 0.068966 0.045977 0.066667 0.071264 0.073563 0.068966 0.068966 0.055172 0.055556 0.064368 0.071264 0.066667 0.066667 0.075862 0.066667 0.073563 0.068966 0.068966 0.073563 0.071264 0.059908 0.057471 0.075862 0.062069 0.064368 0.064368 0.064368 0.050808 0.066667
tr|A0A1C7C6J2|A0A1C7C6J2_9MICO 0.061927 0.025287 0.075688 0.034483 0.032258 0.066667 0.000000 0.025229 0.036697 0.032110 0.060046 0.041284 0.064220 0.050575 0.073903 0.059633 0.034404 0.036697 0.055046 0.071101 0.043584 0.059633 0.059633 0.068807 0.059633 0.057339 0.061927 0.059633 0.064220 0.059633 0.061927 0.057604 0.055046 0.059633 0.071101 0.064220 0.071101 0.059633 0.027586 0.061927 0.043578 0.027586 0.071101 0.066975 0.061927 0.068807 0.073394 0.066514 0.068807 0.066975 0.068807 0.068807 0.068807 0.068807 0.066514 0.034404 0.068807 0.068807 0.068807 0.034483 0.068807 0.061927 0.006881 0.059633 0.064220 0.061927 0.006881 0.006881 0.061927 0.048165 0.036697 0.006881 0.036782 0.036697 0.059633 0.032184 0.052874 0.034404 0.059633 0.057339 0.061927 0.059633 0.073394 0.057339 0.059633 0.071101 0.036782 0.002294 0.034404 0.077982 0.038991 0.000000 0.068807 0.061927 0.068807 0.022936 0.064220 0.057339 0.066514 0.064220 0.087156 0.059633 0.064220 0.068807 0.061927 0.057339 0.025287 0.020833 0.059633 0.064220 0.059633 0.059633 0.066514 0.059633 0.068807 0.061927 0.061927 0.064220 0.052752 0.055300 0.034404 0.066514 0.029885 0.050459 0.002294 0.034483 0.062356 0.034483
tr|A0A1E5MK32|A0A1E5MK32_9MICO 0.064220 0.029885 0.077982 0.039080 0.034562 0.073563 0.025229 0.000000 0.045872 0.041284 0.066975 0.045872 0.064220 0.055172 0.076212 0.061927 0.043578 0.038991 0.064220 0.075688 0.036320 0.064220 0.061927 0.075688 0.059633 0.059633 0.066514 0.061927 0.068807 0.061927 0.061927 0.059908 0.064220 0.059633 0.073394 0.061927 0.073394 0.061927 0.027586 0.064220 0.048165 0.032184 0.075688 0.071594 0.057339 0.068807 0.068807 0.066514 0.068807 0.071594 0.068807 0.068807 0.068807 0.068807 0.068807 0.043578 0.068807 0.068807 0.068807 0.034483 0.068807 0.061927 0.027523 0.059633 0.061927 0.064220 0.027523 0.027523 0.061927 0.048165 0.043578 0.027523 0.045977 0.045872 0.059633 0.036782 0.057471 0.043578 0.059633 0.059633 0.061927 0.061927 0.077982 0.059633 0.061927 0.075688 0.041379 0.025229 0.043578 0.084862 0.048165 0.025229 0.068807 0.061927 0.068807 0.002294 0.061927 0.059633 0.064220 0.061927 0.091743 0.059633 0.066514 0.068807 0.064220 0.064220 0.029885 0.034722 0.059633 0.057339 0.059633 0.061927 0.061927 0.059633 0.068807 0.061927 0.061927 0.057339 0.048165 0.057604 0.041284 0.073394 0.034483 0.048165 0.022936 0.043678 0.062356 0.039080
tr|A0A1H0ZAX8|A0A1H0ZAX8_9MICO 0.061503 0.034483 0.077626 0.034483 0.043779 0.066667 0.036697 0.045872 0.000000 0.036446 0.053118 0.036530 0.068650 0.052874 0.080831 0.059226 0.032037 0.043578 0.050114 0.066059 0.038741 0.061503 0.059226 0.061503 0.057339 0.056948 0.066059 0.061503 0.068337 0.059226 0.061503 0.052995 0.050114 0.059226 0.073059 0.066362 0.072893 0.059226 0.034483 0.061503 0.036446 0.036782 0.066059 0.062356 0.061927 0.063781 0.072893 0.068337 0.068337 0.062356 0.068337 0.070615 0.068337 0.070615 0.066059 0.032110 0.068337 0.068337 0.070615 0.039080 0.070615 0.059226 0.038991 0.059226 0.059226 0.063781 0.041190 0.041190 0.061503 0.052511 0.038813 0.038902 0.043678 0.036697 0.059226 0.036782 0.055172 0.038724 0.059226 0.056948 0.061503 0.059226 0.068337 0.056948 0.059226 0.066059 0.039080 0.038902 0.041002 0.077803 0.036613 0.038902 0.068337 0.061503 0.070615 0.043578 0.059226 0.059226 0.063781 0.072893 0.095672 0.056948 0.066059 0.070615 0.061503 0.059633 0.034483 0.034722 0.059226 0.068337 0.056948 0.059226 0.072893 0.056948 0.070615 0.057078 0.059226 0.059633 0.047836 0.046083 0.036530 0.061503 0.034483 0.052511 0.036613 0.041379 0.062356 0.036782
tr|A0A1I2IT28|A0A1I2IT28_9MICO 0.065909 0.025287 0.066210 0.029885 0.032258 0.059770 0.032110 0.041284 0.036446 0.000000 0.048499 0.022831 0.054920 0.050575 0.073903 0.063636 0.020595 0.032110 0.063636 0.077273 0.041162 0.063636 0.063636 0.072727 0.055046 0.061364 0.070455 0.063636 0.072727 0.063636 0.065909 0.057604 0.063636 0.061364 0.066210 0.052632 0.070455 0.063636 0.034483 0.065909 0.027335 0.032184 0.077273 0.053118 0.055046 0.068182 0.068182 0.065909 0.063636 0.053118 0.063636 0.068182 0.063636 0.068182 0.063636 0.011468 0.063636 0.063636 0.068182 0.029885 0.068182 0.063636 0.029817 0.061364 0.063636 0.065909 0.036613 0.032037 0.063636 0.045662 0.034247 0.036613 0.034483 0.020642 0.061364 0.027586 0.052874 0.002273 0.061364 0.061364 0.063636 0.063636 0.079545 0.061364 0.063636 0.077273 0.036782 0.034325 0.034169 0.068650 0.022883 0.034325 0.063636 0.065909 0.068182 0.038991 0.065909 0.061364 0.065909 0.063636 0.088636 0.061364 0.068182 0.068182 0.065909 0.057339 0.025287 0.027778 0.061364 0.072727 0.061364 0.063636 0.077273 0.061364 0.068182 0.061644 0.063636 0.059633 0.061364 0.057604 0.031963 0.072727 0.025287 0.045662 0.032037 0.036782 0.048499 0.034483
tr|A0A1S2GX69|A0A1S2GX69_9MICO 0.069284 0.055427 0.032333 0.057737 0.057737 0.039261 0.060046 0.066975 0.053118 0.048499 0.000000 0.053118 0.073903 0.053118 0.046189 0.066975 0.046189 0.050808 0.053118 0.057737 0.058111 0.066975 0.066975 0.060046 0.064665 0.064665 0.069284 0.066975 0.071594 0.066975 0.069284 0.060046 0.053118 0.064665 0.027714 0.071594 0.076212 0.066975 0.053118 0.069284 0.062356 0.057737 0.057737 0.025404 0.066975 0.073903 0.076212 0.071594 0.073903 0.025404 0.073903 0.073903 0.073903 0.073903 0.071594 0.050808 0.073903 0.073903 0.073903 0.060046 0.073903 0.069284 0.062356 0.064665 0.069284 0.066975 0.060046 0.062356 0.066975 0.064665 0.060046 0.057737 0.053118 0.060046 0.064665 0.060046 0.055427 0.050808 0.064665 0.064665 0.066975 0.066975 0.060046 0.064665 0.064665 0.057737 0.062356 0.057737 0.064665 0.048499 0.050808 0.060046 0.073903 0.062356 0.073903 0.064665 0.064665 0.069284 0.071594 0.071594 0.050808 0.066975 0.069284 0.073903 0.069284 0.069284 0.055427 0.046296 0.064665 0.073903 0.066975 0.066975 0.078522 0.066975 0.073903 0.069284 0.069284 0.073903 0.069284 0.055427 0.057737 0.062356 0.057737 0.064665 0.057737 0.050808 0.032333 0.057737
tr|A0A1S2HEH8|A0A1S2HEH8_9MICO 0.057078 0.032184 0.063927 0.029885 0.036866 0.055172 0.041284 0.045872 0.036530 0.022831 0.053118 0.000000 0.054920 0.055172 0.076212 0.052511 0.029748 0.038991 0.052511 0.068493 0.031477 0.050228 0.052511 0.066210 0.045872 0.050228 0.068493 0.050228 0.070776 0.052511 0.054795 0.050691 0.052511 0.047945 0.063927 0.052632 0.066210 0.052511 0.039080 0.054795 0.027397 0.036782 0.068493 0.050808 0.055046 0.063927 0.057078 0.061644 0.059361 0.050808 0.059361 0.063927 0.059361 0.063927 0.057078 0.009174 0.059361 0.059361 0.063927 0.034483 0.063927 0.054795 0.038991 0.047945 0.054795 0.052511 0.045767 0.041190 0.052511 0.045662 0.031963 0.043478 0.039080 0.032110 0.050228 0.032184 0.057471 0.025114 0.047945 0.050228 0.050228 0.052511 0.070776 0.050228 0.054795 0.068493 0.041379 0.043478 0.038813 0.059497 0.022883 0.043478 0.059361 0.050228 0.063927 0.043578 0.052511 0.050228 0.054795 0.052511 0.084475 0.052511 0.054795 0.063927 0.054795 0.050459 0.032184 0.034722 0.050228 0.057078 0.052511 0.052511 0.061644 0.052511 0.066210 0.054795 0.054795 0.055046 0.045662 0.048387 0.029680 0.063927 0.029885 0.043379 0.041190 0.041379 0.046189 0.039080
tr|A0A1S2HW14|A0A1S2HW14_9MICO 0.043478 0.057471 0.080092 0.055172 0.050691 0.064368 0.064220 0.064220 0.068650 0.054920 0.073903 0.054920 0.000000 0.055172 0.085450 0.038902 0.057208 0.061927 0.077803 0.082380 0.024213 0.038902 0.038902 0.080092 0.036697 0.036613 0.086957 0.036613 0.089245 0.038902 0.041190 0.078341 0.077803 0.034325 0.080092 0.002288 0.032037 0.038902 0.062069 0.041190 0.066362 0.059770 0.082380 0.062356 0.036697 0.029748 0.029748 0.032037 0.032037 0.062356 0.032037 0.029748 0.032037 0.029748 0.034325 0.045872 0.032037 0.032037 0.029748 0.057471 0.032037 0.041190 0.061927 0.034325 0.041190 0.038902 0.066362 0.064073 0.036613 0.038902 0.068650 0.068650 0.062069 0.073394 0.036613 0.057471 0.057471 0.057208 0.034325 0.038902 0.036613 0.038902 0.082380 0.036613 0.041190 0.080092 0.059770 0.066362 0.057208 0.080092 0.045767 0.066362 0.034325 0.038902 0.029748 0.061927 0.041190 0.041190 0.041190 0.038902 0.089245 0.038902 0.041190 0.029748 0.041190 0.038991 0.057471 0.055556 0.034325 0.038902 0.038902 0.038902 0.038902 0.038902 0.029748 0.041190 0.041190 0.038991 0.075515 0.071429 0.066362 0.082380 0.055172 0.036613 0.064073 0.064368 0.076212 0.059770
tr|A0A1S2HZI7|A0A1S2HZI7_9MICO 0.059770 0.045977 0.071264 0.048276 0.048387 0.062069 0.050575 0.055172 0.052874 0.050575 0.053118 0.055172 0.055172 0.000000 0.076212 0.057471 0.048276 0.048276 0.064368 0.073563 0.041162 0.059770 0.057471 0.064368 0.055172 0.055172 0.078161 0.057471 0.080460 0.057471 0.059770 0.071429 0.064368 0.055172 0.066667 0.052874 0.059770 0.057471 0.045977 0.059770 0.064368 0.045977 0.073563 0.055427 0.052874 0.057471 0.057471 0.052874 0.057471 0.055427 0.057471 0.055172 0.057471 0.055172 0.057471 0.052874 0.057471 0.057471 0.055172 0.050575 0.057471 0.059770 0.048276 0.055172 0.057471 0.059770 0.052874 0.048276 0.057471 0.055172 0.057471 0.050575 0.059770 0.055172 0.055172 0.050575 0.002299 0.052874 0.055172 0.057471 0.057471 0.057471 0.073563 0.055172 0.057471 0.071264 0.055172 0.050575 0.057471 0.073563 0.048276 0.050575 0.059770 0.057471 0.055172 0.052874 0.059770 0.055172 0.064368 0.055172 0.078161 0.057471 0.062069 0.055172 0.059770 0.059770 0.045977 0.043981 0.055172 0.059770 0.057471 0.057471 0.064368 0.057471 0.055172 0.059770 0.059770 0.057471 0.068966 0.057604 0.055172 0.062069 0.048276 0.055172 0.048276 0.062069 0.066975 0.050575
tr|A0A1S2INY6|A0A1S2INY6_9MICO 0.073903 0.073903 0.043880 0.076212 0.073903 0.041570 0.073903 0.076212 0.080831 0.073903 0.046189 0.076212 0.085450 0.076212 0.000000 0.071594 0.071594 0.071594 0.076212 0.076212 0.067797 0.071594 0.071594 0.076212 0.069284 0.069284 0.090069 0.071594 0.092379 0.071594 0.073903 0.080831 0.076212 0.069284 0.039261 0.083141 0.087760 0.071594 0.069284 0.073903 0.078522 0.076212 0.073903 0.030023 0.073903 0.083141 0.085450 0.080831 0.083141 0.030023 0.083141 0.083141 0.083141 0.083141 0.083141 0.071594 0.083141 0.083141 0.083141 0.078522 0.083141 0.073903 0.076212 0.069284 0.073903 0.071594 0.073903 0.076212 0.069284 0.076212 0.069284 0.071594 0.076212 0.078522 0.071594 0.078522 0.073903 0.076212 0.069284 0.069284 0.071594 0.071594 0.076212 0.069284 0.073903 0.073903 0.080831 0.073903 0.083141 0.055427 0.069284 0.073903 0.083141 0.066975 0.083141 0.076212 0.071594 0.073903 0.080831 0.069284 0.009238 0.071594 0.076212 0.083141 0.073903 0.073903 0.073903 0.069444 0.069284 0.076212 0.071594 0.071594 0.080831 0.071594 0.083141 0.073903 0.073903 0.076212 0.078522 0.073903 0.066975 0.078522 0.076212 0.076212 0.071594 0.073903 0.053118 0.078522
tr|A0A1S2JGQ6|A0A1S2JGQ6_9MICO 0.011364 0.057471 0.073059 0.052874 0.052995 0.066667 0.059633 0.061927 0.059226 0.063636 0.066975 0.052511 0.038902 0.057471 0.071594 0.000000 0.061785 0.061927 0.072727 0.081818 0.009685 0.009091 0.002273 0.072727 0.004587 0.002273 0.086364 0.006818 0.088636 0.000000 0.002273 0.076037 0.072727 0.006818 0.073059 0.036613 0.036364 0.000000 0.052874 0.002273 0.056948 0.055172 0.081818 0.055427 0.025229 0.034091 0.036364 0.031818 0.040909 0.055427 0.040909 0.038636 0.040909 0.038636 0.036364 0.050459 0.040909 0.040909 0.038636 0.052874 0.040909 0.009091 0.061927 0.006818 0.009091 0.009091 0.061785 0.064073 0.011364 0.031963 0.068493 0.061785 0.064368 0.064220 0.011364 0.055172 0.055172 0.065909 0.009091 0.004545 0.004545 0.002273 0.081818 0.002273 0.006818 0.079545 0.057471 0.064073 0.056948 0.077803 0.050343 0.061785 0.043182 0.011364 0.034091 0.059633 0.006818 0.006818 0.025000 0.034091 0.093182 0.006818 0.011364 0.034091 0.002273 0.004587 0.055172 0.055556 0.009091 0.027273 0.006818 0.002273 0.031818 0.006818 0.036364 0.009132 0.009091 0.016055 0.070455 0.057604 0.066210 0.077273 0.052874 0.034247 0.059497 0.062069 0.064665 0.052874
tr|A0A285XXB0|A0A285XXB0_9MICO 0.064073 0.027586 0.068650 0.036782 0.032258 0.055172 0.034404 0.043578 0.032037 0.020595 0.046189 0.029748 0.057208 0.048276 0.071594 0.061785 0.000000 0.036697 0.048055 0.061785 0.043584 0.061785 0.061785 0.059497 0.059633 0.059497 0.066362 0.061785 0.068650 0.061785 0.064073 0.050691 0.048055 0.059497 0.064073 0.054920 0.070938 0.061785 0.034483 0.064073 0.034325 0.032184 0.061785 0.050808 0.061927 0.070938 0.068650 0.066362 0.070938 0.050808 0.070938 0.066362 0.070938 0.066362 0.066362 0.022936 0.070938 0.070938 0.066362 0.034483 0.066362 0.061785 0.032110 0.059497 0.061785 0.064073 0.036613 0.034325 0.061785 0.059497 0.027460 0.038902 0.041379 0.025229 0.059497 0.034483 0.050575 0.022883 0.061785 0.059497 0.061785 0.061785 0.064073 0.059497 0.064073 0.061785 0.036782 0.036613 0.027460 0.075515 0.018307 0.036613 0.070938 0.064073 0.066362 0.041284 0.061785 0.064073 0.064073 0.066362 0.080092 0.059497 0.066362 0.068650 0.064073 0.061927 0.027586 0.023148 0.059497 0.064073 0.059497 0.061785 0.068650 0.059497 0.068650 0.061785 0.061785 0.061927 0.048055 0.046083 0.025172 0.061785 0.032184 0.059497 0.034325 0.043678 0.057737 0.034483
tr|A0A2A5NN38|A0A2A5NN38_9MICO 0.066514 0.018391 0.071101 0.025287 0.018433 0.059770 0.036697 0.038991 0.043578 0.032110 0.050808 0.038991 0.061927 0.048276 0.071594 0.061927 0.036697 0.000000 0.061927 0.071101 0.038741 0.064220 0.061927 0.071101 0.059633 0.059633 0.071101 0.061927 0.073394 0.061927 0.064220 0.057604 0.061927 0.059633 0.066514 0.059633 0.068807 0.061927 0.022989 0.064220 0.048165 0.022989 0.071101 0.055427 0.061927 0.066514 0.066514 0.064220 0.066514 0.055427 0.066514 0.066514 0.066514 0.066514 0.064220 0.034404 0.066514 0.066514 0.066514 0.025287 0.066514 0.064220 0.034404 0.059633 0.064220 0.064220 0.036697 0.034404 0.061927 0.055046 0.038991 0.036697 0.027586 0.038991 0.059633 0.022989 0.050575 0.034404 0.059633 0.059633 0.061927 0.061927 0.073394 0.059633 0.057339 0.071101 0.025287 0.036697 0.038991 0.077982 0.041284 0.036697 0.066514 0.061927 0.066514 0.036697 0.059633 0.061927 0.066514 0.064220 0.082569 0.061927 0.064220 0.066514 0.064220 0.064220 0.018391 0.016204 0.059633 0.061927 0.061927 0.061927 0.066514 0.061927 0.066514 0.064220 0.064220 0.064220 0.050459 0.064516 0.036697 0.071101 0.020690 0.055046 0.034404 0.029885 0.055427 0.025287
tr|A0A2W0CL52|A0A2W0CL52_9MICO 0.075000 0.057471 0.066210 0.055172 0.048387 0.064368 0.055046 0.064220 0.050114 0.063636 0.053118 0.052511 0.077803 0.064368 0.076212 0.072727 0.048055 0.061927 0.000000 0.036364 0.048426 0.072727 0.072727 0.034091 0.068807 0.070455 0.038636 0.072727 0.040909 0.072727 0.075000 0.016129 0.000000 0.070455 0.066210 0.075515 0.084091 0.072727 0.050575 0.075000 0.059226 0.059770 0.036364 0.055427 0.068807 0.079545 0.084091 0.077273 0.079545 0.055427 0.079545 0.079545 0.079545 0.079545 0.079545 0.043578 0.079545 0.079545 0.079545 0.057471 0.079545 0.075000 0.057339 0.070455 0.075000 0.072727 0.059497 0.059497 0.072727 0.066210 0.054795 0.059497 0.055172 0.059633 0.070455 0.057471 0.066667 0.065909 0.070455 0.070455 0.072727 0.072727 0.038636 0.070455 0.075000 0.036364 0.062069 0.057208 0.050114 0.075515 0.045767 0.057208 0.079545 0.068182 0.079545 0.061927 0.075000 0.077273 0.079545 0.079545 0.095455 0.075000 0.077273 0.079545 0.075000 0.073394 0.057471 0.048611 0.070455 0.077273 0.075000 0.072727 0.081818 0.075000 0.079545 0.073059 0.075000 0.071101 0.063636 0.020737 0.052511 0.038636 0.055172 0.066210 0.054920 0.052874 0.053118 0.059770
tr|A0A2W0CW36|A0A2W0CW36_9MICO 0.083900 0.071264 0.070776 0.068966 0.062212 0.071264 0.071101 0.075688 0.066059 0.077273 0.057737 0.068493 0.082380 0.073563 0.076212 0.081818 0.061785 0.071101 0.036364 0.000000 0.053269 0.079545 0.083900 0.022676 0.075688 0.084091 0.049887 0.079545 0.052154 0.081818 0.084091 0.036866 0.036364 0.081818 0.070776 0.080092 0.092971 0.083900 0.064368 0.086168 0.072893 0.071264 0.006803 0.055427 0.077982 0.090703 0.092971 0.088435 0.088435 0.055427 0.088435 0.088435 0.088435 0.088435 0.090703 0.064220 0.088435 0.088435 0.088435 0.071264 0.088435 0.084091 0.073394 0.081818 0.083900 0.079545 0.075515 0.075515 0.086364 0.082192 0.070776 0.070938 0.066667 0.073394 0.084091 0.071264 0.075862 0.079545 0.079365 0.086168 0.079545 0.081818 0.004535 0.086168 0.088636 0.002268 0.075862 0.073227 0.068337 0.075515 0.059497 0.073227 0.088435 0.079545 0.088435 0.073394 0.079545 0.083900 0.083900 0.083900 0.086168 0.081633 0.084091 0.088435 0.086168 0.075688 0.071264 0.064815 0.084091 0.079365 0.081818 0.083900 0.083900 0.081633 0.088435 0.077626 0.083900 0.073394 0.070295 0.041475 0.068493 0.024943 0.068966 0.079909 0.070938 0.064368 0.055427 0.073563
tr|A0A2W0DWD0|A0A2W0DWD0_9MICO 0.014528 0.036320 0.055690 0.033898 0.036320 0.055690 0.043584 0.036320 0.038741 0.041162 0.058111 0.031477 0.024213 0.041162 0.067797 0.009685 0.043584 0.038741 0.048426 0.053269 0.000000 0.012107 0.009685 0.053269 0.007264 0.007264 0.058111 0.009685 0.060533 0.009685 0.012107 0.055690 0.048426 0.007264 0.055690 0.021792 0.029056 0.009685 0.033898 0.012107 0.031477 0.038741 0.053269 0.046005 0.021792 0.026634 0.026634 0.024213 0.026634 0.046005 0.026634 0.026634 0.026634 0.026634 0.024213 0.033898 0.026634 0.026634 0.026634 0.036320 0.029056 0.012107 0.046005 0.007264 0.012107 0.012107 0.043584 0.046005 0.009685 0.016949 0.046005 0.041162 0.046005 0.048426 0.009685 0.036320 0.038741 0.043584 0.007264 0.009685 0.009685 0.009685 0.053269 0.007264 0.009685 0.050847 0.036320 0.043584 0.033898 0.058111 0.029056 0.043584 0.029056 0.009685 0.026634 0.033898 0.009685 0.009685 0.021792 0.019370 0.072639 0.009685 0.014528 0.026634 0.012107 0.012107 0.036320 0.043584 0.007264 0.004843 0.009685 0.009685 0.009685 0.009685 0.026634 0.012107 0.012107 0.004843 0.041162 0.046005 0.043584 0.053269 0.033898 0.016949 0.041162 0.043584 0.055690 0.036320
tr|A0A2W1NTQ3|A0A2W1NTQ3_9MICO 0.015909 0.059770 0.073059 0.055172 0.055300 0.066667 0.059633 0.064220 0.061503 0.063636 0.066975 0.050228 0.038902 0.059770 0.071594 0.009091 0.061785 0.064220 0.072727 0.079545 0.012107 0.000000 0.006818 0.072727 0.009174 0.011364 0.084091 0.002273 0.086364 0.009091 0.011364 0.076037 0.072727 0.006818 0.073059 0.036613 0.043182 0.009091 0.055172 0.011364 0.056948 0.057471 0.079545 0.055427 0.029817 0.038636 0.038636 0.038636 0.043182 0.055427 0.043182 0.040909 0.043182 0.040909 0.038636 0.048165 0.043182 0.043182 0.040909 0.055172 0.043182 0.013636 0.061927 0.006818 0.013636 0.004545 0.061785 0.064073 0.011364 0.034247 0.066210 0.061785 0.064368 0.066514 0.011364 0.057471 0.057471 0.065909 0.009091 0.013636 0.004545 0.006818 0.079545 0.011364 0.015909 0.077273 0.059770 0.064073 0.054670 0.075515 0.048055 0.061785 0.045455 0.011364 0.040909 0.061927 0.015909 0.011364 0.027273 0.031818 0.093182 0.011364 0.006818 0.040909 0.011364 0.006881 0.059770 0.055556 0.009091 0.025000 0.011364 0.011364 0.029545 0.011364 0.043182 0.013699 0.013636 0.020642 0.070455 0.057604 0.063927 0.077273 0.055172 0.031963 0.059497 0.062069 0.064665 0.055172
tr|A0A2W1PEG7|A0A2W1PEG7_9MICO 0.013514 0.057471 0.073059 0.052874 0.052995 0.066667 0.059633 0.061927 0.059226 0.063636 0.066975 0.052511 0.038902 0.057471 0.071594 0.002273 0.061785 0.061927 0.072727 0.083900 0.009685 0.006818 0.000000 0.074830 0.006881 0.004545 0.090090 0.004545 0.092342 0.002273 0.004545 0.076037 0.072727 0.009091 0.073059 0.036613 0.038549 0.002252 0.052874 0.004505 0.056948 0.055172 0.083900 0.055427 0.025229 0.038288 0.038375 0.034014 0.042889 0.055427 0.042889 0.045045 0.042889 0.045045 0.038375 0.050459 0.042889 0.042889 0.045045 0.052874 0.047297 0.009091 0.061927 0.009091 0.011261 0.006818 0.061785 0.064073 0.013636 0.031963 0.068493 0.061785 0.064368 0.064220 0.013636 0.055172 0.055172 0.065909 0.013514 0.006757 0.006818 0.000000 0.083900 0.004505 0.009091 0.081633 0.057471 0.064073 0.056948 0.077803 0.050343 0.061785 0.045147 0.013636 0.036281 0.059633 0.009091 0.006787 0.029279 0.036199 0.094808 0.009009 0.009091 0.036281 0.004505 0.002294 0.055172 0.055556 0.011364 0.029412 0.006818 0.004505 0.033937 0.009050 0.038549 0.009132 0.011312 0.016055 0.076577 0.057604 0.066210 0.079365 0.052874 0.034247 0.059497 0.062069 0.064665 0.052874
tr|A0A2W1Q854|A0A2W1Q854_9MICO 0.074830 0.068966 0.073059 0.059770 0.059908 0.073563 0.068807 0.075688 0.061503 0.072727 0.060046 0.066210 0.080092 0.064368 0.076212 0.072727 0.059497 0.071101 0.034091 0.022676 0.053269 0.072727 0.074830 0.000000 0.068807 0.075000 0.043084 0.072727 0.045351 0.072727 0.075000 0.034562 0.034091 0.075000 0.073059 0.077803 0.086168 0.074830 0.059770 0.077098 0.070615 0.066667 0.020408 0.055427 0.071101 0.081633 0.088435 0.081633 0.086168 0.055427 0.086168 0.083900 0.086168 0.083900 0.086168 0.061927 0.086168 0.086168 0.083900 0.059770 0.083900 0.075000 0.071101 0.075000 0.074830 0.072727 0.070938 0.073227 0.077273 0.082192 0.070776 0.070938 0.066667 0.068807 0.075000 0.062069 0.066667 0.075000 0.074830 0.077098 0.072727 0.072727 0.022676 0.077098 0.079545 0.020408 0.066667 0.070938 0.066059 0.084668 0.054920 0.070938 0.086168 0.072727 0.081633 0.073394 0.077273 0.074830 0.081633 0.088435 0.090703 0.072562 0.077273 0.081633 0.077098 0.068807 0.068966 0.062500 0.075000 0.081633 0.072727 0.074830 0.086168 0.072562 0.081633 0.068493 0.074830 0.071101 0.074830 0.032258 0.068493 0.004535 0.059770 0.082192 0.068650 0.064368 0.057737 0.062069
tr|A0A2W1QGK1|A0A2W1QGK1_9MICO 0.013761 0.055172 0.066514 0.050575 0.050691 0.064368 0.059633 0.059633 0.057339 0.055046 0.064665 0.045872 0.036697 0.055172 0.069284 0.004587 0.059633 0.059633 0.068807 0.075688 0.007264 0.009174 0.006881 0.068807 0.000000 0.002294 0.080275 0.006881 0.082569 0.004587 0.006881 0.073733 0.068807 0.002294 0.066514 0.034404 0.034404 0.004587 0.050575 0.006881 0.052752 0.052874 0.075688 0.053118 0.025229 0.032110 0.032110 0.029817 0.034404 0.053118 0.034404 0.032110 0.034404 0.032110 0.032110 0.048165 0.034404 0.034404 0.032110 0.050575 0.034404 0.011468 0.061927 0.002294 0.011468 0.009174 0.059633 0.061927 0.006881 0.027523 0.064220 0.057339 0.062069 0.064220 0.006881 0.052874 0.052874 0.057339 0.002294 0.004587 0.004587 0.006881 0.075688 0.002294 0.006881 0.073394 0.055172 0.061927 0.052752 0.073394 0.045872 0.059633 0.036697 0.004587 0.032110 0.057339 0.009174 0.009174 0.025229 0.025229 0.082569 0.009174 0.011468 0.032110 0.006881 0.009174 0.055172 0.053241 0.004587 0.020642 0.009174 0.004587 0.025229 0.009174 0.034404 0.011468 0.011468 0.016055 0.059633 0.055300 0.061927 0.071101 0.050575 0.029817 0.057339 0.059770 0.062356 0.050575
tr|A0A2W1QHV2|A0A2W1QHV2_9MICO 0.013636 0.055172 0.070776 0.050575 0.050691 0.064368 0.057339 0.059633 0.056948 0.061364 0.064665 0.050228 0.036613 0.055172 0.069284 0.002273 0.059497 0.059633 0.070455 0.084091 0.007264 0.011364 0.004545 0.075000 0.002294 0.000000 0.088636 0.009091 0.090909 0.002273 0.004545 0.073733 0.070455 0.004545 0.070776 0.034325 0.034091 0.002273 0.050575 0.004545 0.054670 0.052874 0.084091 0.053118 0.022936 0.031818 0.034091 0.029545 0.038636 0.053118 0.038636 0.036364 0.038636 0.036364 0.034091 0.048165 0.038636 0.038636 0.036364 0.050575 0.038636 0.011364 0.059633 0.004545 0.011364 0.011364 0.059497 0.061785 0.009091 0.029680 0.066210 0.059497 0.062069 0.061927 0.009091 0.052874 0.052874 0.063636 0.006818 0.002273 0.006818 0.004545 0.084091 0.000000 0.004545 0.081818 0.055172 0.061785 0.054670 0.075515 0.048055 0.059497 0.040909 0.009091 0.031818 0.057339 0.009091 0.009091 0.027273 0.031818 0.090909 0.009091 0.013636 0.031818 0.004545 0.006881 0.052874 0.053241 0.006818 0.025000 0.009091 0.004545 0.029545 0.009091 0.034091 0.011416 0.011364 0.013761 0.068182 0.055300 0.063927 0.079545 0.050575 0.031963 0.057208 0.059770 0.062356 0.050575
tr|A0A2W1QTZ3|A0A2W1QTZ3_9MICO 0.087838 0.064368 0.077626 0.064368 0.062212 0.080460 0.061927 0.066514 0.066059 0.070455 0.069284 0.068493 0.086957 0.078161 0.090069 0.086364 0.066362 0.071101 0.038636 0.049887 0.058111 0.084091 0.090090 0.043084 0.080275 0.088636 0.000000 0.084091 0.002242 0.086364 0.088636 0.034562 0.038636 0.086364 0.077626 0.084668 0.097506 0.090090 0.057471 0.092342 0.070615 0.066667 0.049887 0.069284 0.080275 0.098876 0.097065 0.090703 0.092551 0.069284 0.092551 0.092342 0.092551 0.092342 0.092551 0.057339 0.092551 0.092551 0.092342 0.068966 0.092342 0.084091 0.064220 0.086364 0.087838 0.084091 0.066362 0.066362 0.088636 0.084475 0.070776 0.064073 0.066667 0.068807 0.086364 0.066667 0.080460 0.072727 0.090090 0.092342 0.084091 0.086364 0.052154 0.092342 0.090909 0.049887 0.073563 0.064073 0.068337 0.089245 0.061785 0.064073 0.092551 0.084091 0.092971 0.064220 0.084091 0.085973 0.094170 0.097285 0.112867 0.087838 0.088636 0.092971 0.092342 0.080275 0.064368 0.064815 0.086364 0.092760 0.084091 0.090090 0.097285 0.088235 0.092971 0.082192 0.088235 0.082569 0.081081 0.041475 0.068493 0.040816 0.064368 0.084475 0.061785 0.064368 0.064665 0.071264
tr|A0A2W1RDX4|A0A2W1RDX4_9MICO 0.013636 0.057471 0.073059 0.052874 0.052995 0.066667 0.059633 0.061927 0.061503 0.063636 0.066975 0.050228 0.036613 0.057471 0.071594 0.006818 0.061785 0.061927 0.072727 0.079545 0.009685 0.002273 0.004545 0.072727 0.006881 0.009091 0.084091 0.000000 0.086364 0.006818 0.009091 0.076037 0.072727 0.004545 0.073059 0.034325 0.040909 0.006818 0.052874 0.009091 0.056948 0.055172 0.079545 0.055427 0.027523 0.036364 0.036364 0.036364 0.040909 0.055427 0.040909 0.038636 0.040909 0.038636 0.036364 0.048165 0.040909 0.040909 0.038636 0.052874 0.040909 0.011364 0.061927 0.004545 0.011364 0.002273 0.061785 0.064073 0.009091 0.034247 0.066210 0.061785 0.064368 0.066514 0.009091 0.055172 0.055172 0.065909 0.006818 0.011364 0.002273 0.004545 0.079545 0.009091 0.013636 0.077273 0.057471 0.064073 0.054670 0.075515 0.048055 0.061785 0.043182 0.009091 0.038636 0.059633 0.013636 0.009091 0.025000 0.029545 0.093182 0.009091 0.004545 0.038636 0.009091 0.004587 0.057471 0.055556 0.006818 0.022727 0.009091 0.009091 0.027273 0.009091 0.040909 0.011416 0.011364 0.018349 0.070455 0.057604 0.063927 0.077273 0.052874 0.031963 0.059497 0.062069 0.064665 0.052874
tr|A0A2W1SNZ5|A0A2W1SNZ5_9MICO 0.090090 0.066667 0.079909 0.066667 0.064516 0.082759 0.064220 0.068807 0.068337 0.072727 0.071594 0.070776 0.089245 0.080460 0.092379 0.088636 0.068650 0.073394 0.040909 0.052154 0.060533 0.086364 0.092342 0.045351 0.082569 0.090909 0.002242 0.086364 0.000000 0.088636 0.090909 0.036866 0.040909 0.088636 0.079909 0.086957 0.099773 0.092342 0.059770 0.094595 0.072893 0.068966 0.052154 0.071594 0.082569 0.101124 0.099323 0.092971 0.094808 0.071594 0.094808 0.094595 0.094808 0.094595 0.094808 0.059633 0.094808 0.094808 0.094595 0.071264 0.094595 0.086364 0.066514 0.088636 0.090090 0.086364 0.068650 0.068650 0.090909 0.086758 0.073059 0.066362 0.068966 0.071101 0.088636 0.068966 0.082759 0.075000 0.092342 0.094595 0.086364 0.088636 0.054422 0.094595 0.093182 0.052154 0.075862 0.066362 0.070615 0.091533 0.064073 0.066362 0.094808 0.086364 0.095238 0.066514 0.086364 0.088235 0.096413 0.099548 0.115124 0.090090 0.090909 0.095238 0.094595 0.082569 0.066667 0.067130 0.088636 0.095023 0.086364 0.092342 0.099548 0.090498 0.095238 0.084475 0.090498 0.084862 0.083333 0.043779 0.070776 0.043084 0.066667 0.086758 0.064073 0.066667 0.066975 0.073563
tr|A0A2W1TCL9|A0A2W1TCL9_9MICO 0.011364 0.057471 0.073059 0.052874 0.052995 0.066667 0.059633 0.061927 0.059226 0.063636 0.066975 0.052511 0.038902 0.057471 0.071594 0.000000 0.061785 0.061927 0.072727 0.081818 0.009685 0.009091 0.002273 0.072727 0.004587 0.002273 0.086364 0.006818 0.088636 0.000000 0.002273 0.076037 0.072727 0.006818 0.073059 0.036613 0.036364 0.000000 0.052874 0.002273 0.056948 0.055172 0.081818 0.055427 0.025229 0.034091 0.036364 0.031818 0.040909 0.055427 0.040909 0.038636 0.040909 0.038636 0.036364 0.050459 0.040909 0.040909 0.038636 0.052874 0.040909 0.009091 0.061927 0.006818 0.009091 0.009091 0.061785 0.064073 0.011364 0.031963 0.068493 0.061785 0.064368 0.064220 0.011364 0.055172 0.055172 0.065909 0.009091 0.004545 0.004545 0.002273 0.081818 0.002273 0.006818 0.079545 0.057471 0.064073 0.056948 0.077803 0.050343 0.061785 0.043182 0.011364 0.034091 0.059633 0.006818 0.006818 0.025000 0.034091 0.093182 0.006818 0.011364 0.034091 0.002273 0.004587 0.055172 0.055556 0.009091 0.027273 0.006818 0.002273 0.031818 0.006818 0.036364 0.009132 0.009091 0.016055 0.070455 0.057604 0.066210 0.077273 0.052874 0.034247 0.059497 0.062069 0.064665 0.052874
tr|A0A2W1TGE6|A0A2W1TGE6_9MICO 0.013636 0.059770 0.075342 0.055172 0.055300 0.068966 0.061927 0.061927 0.061503 0.065909 0.069284 0.054795 0.041190 0.059770 0.073903 0.002273 0.064073 0.064220 0.075000 0.084091 0.012107 0.011364 0.004545 0.075000 0.006881 0.004545 0.088636 0.009091 0.090909 0.002273 0.000000 0.078341 0.075000 0.009091 0.075342 0.038902 0.038636 0.002273 0.055172 0.004545 0.059226 0.057471 0.084091 0.057737 0.027523 0.036364 0.038636 0.034091 0.043182 0.057737 0.043182 0.040909 0.043182 0.040909 0.038636 0.052752 0.043182 0.043182 0.040909 0.055172 0.043182 0.011364 0.064220 0.009091 0.011364 0.011364 0.064073 0.066362 0.013636 0.034247 0.070776 0.064073 0.066667 0.066514 0.013636 0.057471 0.057471 0.068182 0.011364 0.006818 0.006818 0.004545 0.084091 0.004545 0.009091 0.081818 0.059770 0.066362 0.059226 0.080092 0.052632 0.064073 0.045455 0.013636 0.036364 0.059633 0.009091 0.009091 0.027273 0.036364 0.095455 0.009091 0.013636 0.036364 0.004545 0.006881 0.057471 0.057870 0.011364 0.029545 0.009091 0.004545 0.034091 0.009091 0.038636 0.011416 0.011364 0.018349 0.072727 0.059908 0.068493 0.079545 0.055172 0.036530 0.061785 0.064368 0.066975 0.055172
tr|A0A2W1TKT6|A0A2W1TKT6_9MICO 0.076037 0.057604 0.066820 0.055300 0.048387 0.066820 0.057604 0.059908 0.052995 0.057604 0.060046 0.050691 0.078341 0.071429 0.080831 0.076037 0.050691 0.057604 0.016129 0.036866 0.055690 0.076037 0.076037 0.034562 0.073733 0.073733 0.034562 0.076037 0.036866 0.076037 0.078341 0.000000 0.016129 0.073733 0.066820 0.076037 0.085253 0.076037 0.052995 0.078341 0.059908 0.059908 0.036866 0.060046 0.076037 0.080645 0.080645 0.078341 0.080645 0.060046 0.080645 0.080645 0.080645 0.080645 0.080645 0.050691 0.080645 0.080645 0.080645 0.057604 0.080645 0.076037 0.057604 0.073733 0.076037 0.076037 0.057604 0.057604 0.076037 0.069124 0.055300 0.057604 0.050691 0.057604 0.073733 0.057604 0.073733 0.059908 0.073733 0.073733 0.076037 0.076037 0.039171 0.073733 0.073733 0.036866 0.062212 0.057604 0.048387 0.073733 0.048387 0.057604 0.080645 0.071429 0.080645 0.062212 0.076037 0.078341 0.080645 0.080645 0.085253 0.076037 0.078341 0.080645 0.078341 0.078341 0.057604 0.048611 0.073733 0.076037 0.076037 0.076037 0.080645 0.076037 0.080645 0.076037 0.076037 0.076037 0.052995 0.032258 0.052995 0.036866 0.055300 0.069124 0.055300 0.050691 0.062356 0.059908
tr|A0A2W1TVY0|A0A2W1TVY0_9MICO 0.075000 0.057471 0.066210 0.055172 0.048387 0.064368 0.055046 0.064220 0.050114 0.063636 0.053118 0.052511 0.077803 0.064368 0.076212 0.072727 0.048055 0.061927 0.000000 0.036364 0.048426 0.072727 0.072727 0.034091 0.068807 0.070455 0.038636 0.072727 0.040909 0.072727 0.075000 0.016129 0.000000 0.070455 0.066210 0.075515 0.084091 0.072727 0.050575 0.075000 0.059226 0.059770 0.036364 0.055427 0.068807 0.079545 0.084091 0.077273 0.079545 0.055427 0.079545 0.079545 0.079545 0.079545 0.079545 0.043578 0.079545 0.079545 0.079545 0.057471 0.079545 0.075000 0.057339 0.070455 0.075000 0.072727 0.059497 0.059497 0.072727 0.066210 0.054795 0.059497 0.055172 0.059633 0.070455 0.057471 0.066667 0.065909 0.070455 0.070455 0.072727 0.072727 0.038636 0.070455 0.075000 0.036364 0.062069 0.057208 0.050114 0.075515 0.045767 0.057208 0.079545 0.068182 0.079545 0.061927 0.075000 0.077273 0.079545 0.079545 0.095455 0.075000 0.077273 0.079545 0.075000 0.073394 0.057471 0.048611 0.070455 0.077273 0.075000 0.072727 0.081818 0.075000 0.079545 0.073059 0.075000 0.071101 0.063636 0.020737 0.052511 0.038636 0.055172 0.066210 0.054920 0.052874 0.053118 0.059770
