197
tr|A0A010NUY5|A0A010NUY5_FINMA 0.000000 0.067194 0.047431 0.051383 0.051383 0.166008 0.059289 0.055336 0.770833 0.055336 0.055336 0.067194 0.063241 0.063241 0.059289 0.063241 0.071146 0.067194 0.055336 0.165138 0.067194 0.071146 0.055336 0.075099 0.063241 0.055336 0.063241 0.757576 0.071146 0.055336 0.075099 0.059289 0.079051 0.067194 0.071146 0.059289 0.063241 0.083004 0.090909 0.063241 0.086957 0.059289 0.055336 0.071146 0.047431 0.067194 0.059289 0.051383 0.043478 0.067194 0.059289 0.165138 0.795918 0.051383 0.063241 0.030303 0.059289 0.055336 0.067194 0.059289 0.071146 0.043478 0.067194 0.055336 0.055336 0.067194 0.810127 0.055046 0.067194 0.067194 0.051383 0.067194 0.059289 0.063241 0.051383 0.083004 0.086957 0.063241 0.063241 0.055336 0.035573 0.067194 0.047431 0.071146 0.059289 0.051383 0.051383 0.051383 0.142292 0.055336 0.821138 0.063241 0.067194 0.047431 0.055336 0.075099 0.071146 0.051383 0.071146 0.043478 0.067194 0.027668 0.055336 0.059211 0.047431 0.055336 0.059289 0.043478 0.106719 0.071146 0.000000 0.110672 0.083004 0.059289 0.055336 0.059289 0.059289 0.063241 0.059289 0.063241 0.063241 0.047431 0.007905 0.067194 0.067194 0.067194 0.055336 0.063241 0.055336 0.043478 0.067194 0.051383 0.055336 0.094862 0.067194 0.071146 0.811321 0.067194 0.090909 0.055336 0.067194 0.055336 0.059289 0.055336 0.055336 0.051383 0.039526 0.047431 0.055336 0.063241 0.067194 0.055336 0.051383 0.047431 0.075099 0.055336 0.059289 0.047431 0.055336 0.067194 0.842105 0.067194 0.055336 0.847953 0.071146 0.015810 0.055336 0.047431 0.079051 0.055336 0.063241 0.063241 0.059289 0.086957 0.063241 0.047431 0.043478 0.059289 0.063241 0.059289 0.063241 0.067194 0.071146 0.059289 0.071146 0.067194 0.047431 0.059289 0.067194 0.063241 0.063241 0.051383 0.059289 0.059289 0.063241 0.071146 0.071146
tr|A0A010NXJ4|A0A010NXJ4_FINMA 0.067194 0.000000 0.042889 0.042889 0.049661 0.050360 0.047404 0.042889 0.020833 0.054176 0.056433 0.054176 0.042889 0.051919 0.045147 0.070866 0.056433 0.049661 0.051919 0.165138 0.063205 0.056433 0.049661 0.051919 0.051919 0.045147 0.072893 0.000000 0.060948 0.045147 0.056433 0.049661 0.051919 0.051919 0.056433 0.049661 0.051919 0.058691 0.054920 0.056433 0.063205 0.045147 0.040632 0.045147 0.045147 0.040632 0.049661 0.045147 0.031603 0.058691 0.051919 0.165138 0.040816 0.049661 0.051919 0.030303 0.049661 0.049661 0.040632 0.049661 0.051919 0.033860 0.051919 0.047404 0.047404 0.057851 0.000000 0.077982 0.058691 0.056433 0.047404 0.051919 0.058691 0.063205 0.047404 0.056433 0.069977 0.045147 0.049661 0.063205 0.056433 0.063205 0.040632 0.054176 0.051919 0.042889 0.049661 0.045455 0.065574 0.047404 0.032520 0.056433 0.051919 0.049661 0.047404 0.054176 0.058691 0.042889 0.054176 0.033860 0.056433 0.036117 0.047404 0.065789 0.042889 0.045147 0.051919 0.031603 0.065463 0.060948 0.051919 0.085779 0.060948 0.047404 0.047404 0.045147 0.047404 0.051919 0.042889 0.049661 0.042889 0.051919 0.051919 0.042889 0.051919 0.049661 0.058691 0.042889 0.054176 0.033860 0.054176 0.038375 0.042889 0.060948 0.054176 0.042889 0.018868 0.042889 0.067720 0.060948 0.060948 0.047404 0.042889 0.045147 0.051919 0.038375 0.040632 0.033860 0.049661 0.054176 0.042889 0.042889 0.038375 0.040632 0.058691 0.040632 0.049661 0.045147 0.065463 0.054176 0.019737 0.047404 0.038375 0.035088 0.055838 0.051919 0.042889 0.046753 0.063452 0.047404 0.042889 0.054176 0.054176 0.058691 0.040632 0.033860 0.036117 0.058691 0.056433 0.049661 0.045147 0.058691 0.058691 0.047404 0.047404 0.047404 0.042889 0.042889 0.051919 0.045147 0.054176 0.045147 0.042889 0.049661 0.051919 0.056433 0.056433
tr|A0A017H934|A0A017H934_9FUSO 0.047431 0.042889 0.000000 0.045147 0.042889 0.057554 0.051919 0.045147 0.020833 0.049661 0.049661 0.049661 0.040632 0.058691 0.051919 0.059055 0.060948 0.051919 0.056433 0.174312 0.056433 0.054176 0.047404 0.056433 0.047404 0.042889 0.066059 0.000000 0.056433 0.042889 0.054176 0.006772 0.060948 0.051919 0.054176 0.051919 0.058691 0.054176 0.061785 0.056433 0.060948 0.047404 0.038375 0.051919 0.045147 0.047404 0.049661 0.040632 0.038375 0.060948 0.049661 0.174312 0.020408 0.047404 0.051919 0.050505 0.049661 0.049661 0.045147 0.051919 0.056433 0.033860 0.045147 0.040632 0.049661 0.055096 0.025316 0.050459 0.060948 0.045147 0.049661 0.054176 0.051919 0.060948 0.040632 0.060948 0.063205 0.049661 0.051919 0.049661 0.058691 0.051919 0.002257 0.054176 0.051919 0.045147 0.047404 0.040909 0.053864 0.040632 0.032520 0.060948 0.045147 0.047404 0.040632 0.051919 0.051919 0.038375 0.047404 0.033860 0.056433 0.029345 0.049661 0.052632 0.040632 0.047404 0.051919 0.038375 0.076749 0.051919 0.049661 0.088036 0.063205 0.047404 0.047404 0.049661 0.042889 0.045147 0.045147 0.047404 0.042889 0.049661 0.049661 0.054176 0.047404 0.056433 0.054176 0.045147 0.054176 0.031603 0.054176 0.049661 0.045147 0.069977 0.054176 0.049661 0.047170 0.049661 0.056433 0.056433 0.058691 0.049661 0.045147 0.042889 0.045147 0.033860 0.042889 0.033860 0.049661 0.063205 0.045147 0.042889 0.040632 0.042889 0.058691 0.049661 0.047404 0.042889 0.058691 0.054176 0.046053 0.051919 0.045147 0.058480 0.048223 0.051919 0.040632 0.051948 0.068528 0.045147 0.051919 0.051919 0.051919 0.060948 0.045147 0.036117 0.038375 0.056433 0.056433 0.047404 0.054176 0.054176 0.054176 0.051919 0.051919 0.047404 0.040632 0.036117 0.049661 0.051919 0.047404 0.042889 0.038375 0.045147 0.051919 0.054176 0.049661
tr|A0A0D5C6J2|A0A0D5C6J2_ERYRH 0.051383 0.042889 0.045147 0.000000 0.033860 0.047962 0.045147 0.045147 0.083333 0.047404 0.047404 0.045045 0.036117 0.045147 0.042889 0.027559 0.049661 0.047404 0.045147 0.165138 0.051919 0.049661 0.045147 0.049550 0.058559 0.040632 0.061503 0.030303 0.045147 0.047404 0.049661 0.051919 0.047404 0.045147 0.049661 0.038375 0.045147 0.058559 0.048055 0.056433 0.054176 0.038375 0.033860 0.038375 0.038375 0.042889 0.040632 0.036117 0.029345 0.056433 0.045147 0.165138 0.061224 0.042889 0.031532 0.010101 0.040632 0.040632 0.038375 0.038375 0.047404 0.029279 0.047297 0.047297 0.038375 0.046832 0.037975 0.045872 0.056433 0.049661 0.040632 0.049661 0.040632 0.060948 0.036117 0.056433 0.058691 0.042889 0.033784 0.056433 0.049661 0.051919 0.042889 0.056433 0.054054 0.040632 0.047404 0.036364 0.063232 0.033860 0.048780 0.049661 0.045147 0.042889 0.045147 0.051919 0.051919 0.033860 0.047404 0.027088 0.051919 0.029345 0.038375 0.039474 0.036117 0.036117 0.051919 0.033860 0.067720 0.058691 0.045147 0.088036 0.056433 0.042889 0.038375 0.051919 0.040632 0.045147 0.049661 0.049661 0.036117 0.045147 0.045147 0.045147 0.040632 0.047404 0.049661 0.040632 0.045147 0.031603 0.049661 0.040632 0.036117 0.056433 0.049661 0.036117 0.037736 0.031603 0.056433 0.054176 0.054176 0.038375 0.040632 0.040632 0.051919 0.033860 0.033860 0.033860 0.040632 0.054176 0.038375 0.033860 0.027088 0.002252 0.051919 0.045147 0.020316 0.038375 0.058691 0.047297 0.039474 0.040632 0.042889 0.052632 0.045685 0.045147 0.027088 0.036364 0.055838 0.045147 0.040632 0.038375 0.042793 0.049661 0.038288 0.009009 0.038375 0.056433 0.058559 0.040632 0.042889 0.042889 0.054176 0.042889 0.047404 0.047404 0.040632 0.036117 0.045147 0.047404 0.040632 0.038375 0.038375 0.054176 0.049661 0.054176 0.045147
tr|A0A133KEE8|A0A133KEE8_9FIRM 0.051383 0.049661 0.042889 0.033860 0.000000 0.050360 0.042889 0.047404 0.041667 0.051919 0.049661 0.049661 0.038375 0.054176 0.045147 0.043307 0.051919 0.049661 0.049661 0.165138 0.045147 0.049661 0.040632 0.049661 0.049661 0.047404 0.056948 0.000000 0.051919 0.042889 0.051919 0.045147 0.051919 0.047404 0.051919 0.036117 0.054176 0.045147 0.057208 0.051919 0.054176 0.042889 0.036117 0.040632 0.036117 0.047404 0.051919 0.038375 0.036117 0.054176 0.042889 0.165138 0.040816 0.036117 0.042889 0.020202 0.051919 0.051919 0.036117 0.038375 0.051919 0.033860 0.038375 0.042889 0.049661 0.055096 0.012658 0.036697 0.054176 0.042889 0.049661 0.051919 0.042889 0.056433 0.040632 0.060948 0.051919 0.045147 0.040632 0.049661 0.047404 0.045147 0.040632 0.054176 0.056433 0.042889 0.045147 0.038636 0.051522 0.033860 0.032520 0.051919 0.038375 0.036117 0.042889 0.058691 0.042889 0.040632 0.045147 0.033860 0.051919 0.031603 0.049661 0.026316 0.033860 0.047404 0.056433 0.036117 0.074492 0.051919 0.045147 0.088036 0.058691 0.054176 0.049661 0.049661 0.040632 0.042889 0.045147 0.045147 0.038375 0.038375 0.045147 0.051919 0.047404 0.049661 0.051919 0.033860 0.056433 0.033860 0.042889 0.036117 0.038375 0.049661 0.042889 0.047404 0.018868 0.038375 0.049661 0.051919 0.042889 0.049661 0.040632 0.040632 0.045147 0.031603 0.042889 0.036117 0.051919 0.060948 0.042889 0.045147 0.038375 0.031603 0.049661 0.042889 0.040632 0.040632 0.056433 0.047404 0.026316 0.047404 0.045147 0.040936 0.045685 0.040632 0.038375 0.046753 0.063452 0.042889 0.042889 0.045147 0.045147 0.049661 0.042889 0.029345 0.036117 0.054176 0.051919 0.036117 0.045147 0.049661 0.045147 0.045147 0.047404 0.045147 0.042889 0.038375 0.047404 0.045147 0.042889 0.036117 0.036117 0.054176 0.056433 0.056433 0.042889
tr|A0A133MW93|A0A133MW93_FINMA 0.166008 0.050360 0.057554 0.047962 0.050360 0.000000 0.047962 0.047962 0.041667 0.057554 0.059952 0.043165 0.047962 0.057554 0.007194 0.165354 0.052758 0.021583 0.045564 0.275229 0.057554 0.023981 0.055156 0.045564 0.052758 0.043165 0.074341 0.000000 0.071942 0.057554 0.059952 0.064748 0.057554 0.055156 0.057554 0.052758 0.057554 0.050360 0.057554 0.062350 0.064748 0.050360 0.047962 0.045564 0.045564 0.052758 0.043165 0.045564 0.040767 0.057554 0.045564 0.275229 0.040816 0.047962 0.047962 0.323232 0.043165 0.043165 0.045564 0.050360 0.055156 0.045564 0.050360 0.040767 0.038369 0.096419 0.012658 0.178899 0.057554 0.057554 0.057554 0.023981 0.055156 0.064748 0.045564 0.052758 0.057554 0.045564 0.052758 0.055156 0.050360 0.055156 0.055156 0.050360 0.069544 0.043165 0.035971 0.052758 0.055156 0.047962 0.032520 0.047962 0.050360 0.047962 0.040767 0.069544 0.055156 0.035971 0.055156 0.045564 0.055156 0.040767 0.040767 0.230263 0.038369 0.038369 0.069544 0.043165 0.043165 0.069544 0.052758 0.055156 0.064748 0.045564 0.040767 0.050360 0.047962 0.028777 0.047962 0.055156 0.040767 0.047962 0.052758 0.050360 0.050360 0.047962 0.057554 0.047962 0.047962 0.040767 0.050360 0.047962 0.045564 0.062350 0.050360 0.057554 0.018868 0.047962 0.059952 0.052758 0.064748 0.040767 0.047962 0.045564 0.052758 0.040767 0.043165 0.045564 0.043165 0.064748 0.047962 0.035971 0.045564 0.045564 0.052758 0.052758 0.043165 0.040767 0.067146 0.052758 0.026316 0.043165 0.043165 0.046784 0.121827 0.047962 0.040767 0.109091 0.114213 0.057554 0.055156 0.057554 0.050360 0.059952 0.038369 0.038369 0.028777 0.050360 0.062350 0.040767 0.057554 0.055156 0.045564 0.057554 0.057554 0.052758 0.043165 0.050360 0.055156 0.031175 0.050360 0.040767 0.047962 0.057554 0.069544 0.067146 0.050360
tr|A0A133PN05|A0A133PN05_9FIRM 0.059289 0.047404 0.051919 0.045147 0.042889 0.047962 0.000000 0.054176 0.041667 0.054176 0.056433 0.051919 0.042889 0.047404 0.047404 0.051181 0.049661 0.056433 0.045147 0.174312 0.058691 0.051919 0.058691 0.056433 0.051919 0.040632 0.056948 0.030303 0.054176 0.038375 0.051919 0.058691 0.056433 0.056433 0.056433 0.051919 0.047404 0.051919 0.050343 0.054176 0.060948 0.049661 0.038375 0.042889 0.011287 0.049661 0.042889 0.049661 0.038375 0.060948 0.045147 0.174312 0.061224 0.042889 0.038375 0.050505 0.042889 0.042889 0.038375 0.038375 0.049661 0.042889 0.054176 0.051919 0.049661 0.057851 0.037975 0.064220 0.060948 0.054176 0.049661 0.058691 0.047404 0.049661 0.045147 0.058691 0.063205 0.033860 0.045147 0.051919 0.049661 0.051919 0.049661 0.049661 0.056433 0.049661 0.051919 0.050000 0.056206 0.040632 0.040650 0.049661 0.054176 0.042889 0.051919 0.056433 0.054176 0.040632 0.047404 0.042889 0.054176 0.042889 0.045147 0.059211 0.036117 0.042889 0.056433 0.038375 0.074492 0.056433 0.049661 0.081264 0.060948 0.045147 0.040632 0.047404 0.047404 0.049661 0.047404 0.047404 0.036117 0.045147 0.049661 0.054176 0.042889 0.056433 0.047404 0.036117 0.042889 0.036117 0.049661 0.038375 0.040632 0.056433 0.049661 0.051919 0.037736 0.049661 0.058691 0.056433 0.058691 0.045147 0.042889 0.045147 0.045147 0.038375 0.045147 0.033860 0.042889 0.065463 0.049661 0.040632 0.036117 0.042889 0.054176 0.040632 0.045147 0.042889 0.060948 0.054176 0.039474 0.040632 0.038375 0.040936 0.045685 0.045147 0.045147 0.031169 0.053299 0.036117 0.045147 0.047404 0.051919 0.058691 0.042889 0.036117 0.042889 0.056433 0.054176 0.033860 0.047404 0.051919 0.051919 0.049661 0.047404 0.045147 0.045147 0.045147 0.047404 0.056433 0.049661 0.051919 0.033860 0.060948 0.056433 0.058691 0.049661
tr|A0A134AX96|A0A134AX96_9FIRM 0.055336 0.042889 0.045147 0.045147 0.047404 0.047962 0.054176 0.000000 0.041667 0.051919 0.049661 0.051919 0.040632 0.056433 0.042889 0.074803 0.054176 0.051919 0.049661 0.201835 0.060948 0.049661 0.049661 0.051919 0.049661 0.049661 0.068337 0.000000 0.063205 0.047404 0.056433 0.051919 0.056433 0.054176 0.058691 0.051919 0.056433 0.056433 0.059497 0.051919 0.060948 0.042889 0.042889 0.047404 0.047404 0.047404 0.049661 0.040632 0.031603 0.042889 0.045147 0.201835 0.061224 0.033860 0.054176 0.080808 0.049661 0.049661 0.042889 0.047404 0.049661 0.038375 0.049661 0.045147 0.047404 0.057851 0.012658 0.077982 0.042889 0.047404 0.045147 0.054176 0.056433 0.060948 0.040632 0.058691 0.049661 0.051919 0.051919 0.042889 0.051919 0.060948 0.042889 0.051919 0.049661 0.040632 0.042889 0.040909 0.056206 0.045147 0.032520 0.054176 0.049661 0.045147 0.045147 0.056433 0.047404 0.042889 0.051919 0.038375 0.051919 0.029345 0.047404 0.092105 0.040632 0.045147 0.049661 0.038375 0.072235 0.063205 0.045147 0.088036 0.060948 0.051919 0.047404 0.047404 0.047404 0.049661 0.049661 0.045147 0.038375 0.045147 0.045147 0.047404 0.047404 0.049661 0.058691 0.049661 0.054176 0.031603 0.054176 0.040632 0.042889 0.065463 0.054176 0.033860 0.018868 0.045147 0.047404 0.058691 0.063205 0.047404 0.045147 0.038375 0.049661 0.038375 0.036117 0.038375 0.049661 0.060948 0.047404 0.042889 0.040632 0.042889 0.051919 0.047404 0.047404 0.040632 0.058691 0.051919 0.019737 0.049661 0.040632 0.035088 0.050761 0.049661 0.040632 0.041558 0.055838 0.054176 0.049661 0.056433 0.047404 0.056433 0.045147 0.036117 0.033860 0.045147 0.051919 0.045147 0.051919 0.056433 0.045147 0.051919 0.049661 0.040632 0.042889 0.045147 0.051919 0.051919 0.054176 0.040632 0.047404 0.054176 0.049661 0.058691 0.051919
tr|A0A137SRV5|A0A137SRV5_9FIRM 0.770833 0.020833 0.020833 0.083333 0.041667 0.041667 0.041667 0.041667 0.000000 0.020833 0.041667 0.041667 0.020833 0.020833 0.041667 0.770833 0.041667 0.041667 0.062500 0.875000 0.062500 0.041667 0.041667 0.062500 0.020833 0.020833 0.020833 0.818182 0.041667 0.041667 0.000000 0.020833 0.062500 0.020833 0.041667 0.020833 0.020833 0.041667 0.020833 0.020833 0.041667 0.041667 0.020833 0.020833 0.041667 0.020833 0.020833 0.020833 0.020833 0.041667 0.083333 0.875000 0.625000 0.020833 0.041667 0.875000 0.020833 0.020833 0.020833 0.041667 0.020833 0.041667 0.041667 0.020833 0.041667 0.770833 0.020833 0.770833 0.041667 0.041667 0.041667 0.041667 0.062500 0.041667 0.020833 0.041667 0.041667 0.020833 0.020833 0.041667 0.020833 0.000000 0.020833 0.020833 0.020833 0.041667 0.020833 0.020833 0.020833 0.041667 0.041667 0.041667 0.041667 0.020833 0.020833 0.041667 0.020833 0.041667 0.000000 0.041667 0.062500 0.041667 0.041667 0.833333 0.041667 0.020833 0.020833 0.020833 0.020833 0.041667 0.041667 0.041667 0.062500 0.020833 0.020833 0.020833 0.000000 0.041667 0.041667 0.020833 0.020833 0.041667 0.020833 0.041667 0.020833 0.041667 0.041667 0.020833 0.041667 0.020833 0.020833 0.020833 0.041667 0.020833 0.020833 0.020833 0.020833 0.020833 0.000000 0.020833 0.062500 0.020833 0.020833 0.020833 0.020833 0.020833 0.041667 0.041667 0.020833 0.020833 0.020833 0.020833 0.041667 0.083333 0.041667 0.041667 0.062500 0.020833 0.020833 0.020833 0.041667 0.041667 0.041667 0.041667 0.375000 0.041667 0.020833 0.562500 0.375000 0.041667 0.020833 0.041667 0.041667 0.041667 0.020833 0.020833 0.020833 0.020833 0.020833 0.041667 0.020833 0.020833 0.020833 0.020833 0.062500 0.041667 0.041667 0.062500 0.000000 0.041667 0.020833 0.041667 0.000000 0.041667 0.020833 0.020833 0.020833
tr|A0A1B2JLE9|A0A1B2JLE9_9FIRM 0.055336 0.054176 0.049661 0.047404 0.051919 0.057554 0.054176 0.051919 0.020833 0.000000 0.047404 0.051919 0.049661 0.056433 0.051919 0.051181 0.058691 0.060948 0.051919 0.155963 0.060948 0.051919 0.056433 0.060948 0.058691 0.049661 0.068337 0.000000 0.063205 0.054176 0.058691 0.056433 0.065463 0.054176 0.049661 0.054176 0.056433 0.058691 0.059497 0.058691 0.060948 0.045147 0.047404 0.051919 0.047404 0.054176 0.047404 0.042889 0.040632 0.063205 0.058691 0.155963 0.040816 0.051919 0.042889 0.030303 0.047404 0.047404 0.045147 0.054176 0.051919 0.045147 0.058691 0.051919 0.049661 0.066116 0.025316 0.055046 0.063205 0.054176 0.054176 0.063205 0.049661 0.063205 0.047404 0.058691 0.072235 0.049661 0.047404 0.060948 0.060948 0.056433 0.047404 0.051919 0.060948 0.042889 0.054176 0.043182 0.067916 0.047404 0.024390 0.054176 0.058691 0.051919 0.051919 0.060948 0.058691 0.042889 0.051919 0.045147 0.060948 0.040632 0.047404 0.046053 0.045147 0.045147 0.060948 0.042889 0.079007 0.054176 0.056433 0.088036 0.067720 0.049661 0.045147 0.056433 0.045147 0.056433 0.045147 0.051919 0.049661 0.054176 0.056433 0.056433 0.054176 0.058691 0.056433 0.054176 0.051919 0.040632 0.051919 0.045147 0.049661 0.065463 0.051919 0.051919 0.028302 0.051919 0.065463 0.058691 0.065463 0.047404 0.047404 0.049661 0.049661 0.040632 0.045147 0.031603 0.047404 0.063205 0.054176 0.042889 0.036117 0.045147 0.054176 0.054176 0.054176 0.051919 0.063205 0.054176 0.013158 0.047404 0.045147 0.046784 0.048223 0.051919 0.033860 0.054545 0.060914 0.045147 0.047404 0.060948 0.058691 0.060948 0.049661 0.038375 0.045147 0.058691 0.058691 0.045147 0.049661 0.056433 0.058691 0.051919 0.051919 0.056433 0.054176 0.047404 0.054176 0.049661 0.058691 0.049661 0.045147 0.063205 0.060948 0.054176 0.054176
tr|A0A1E8RN79|A0A1E8RN79_9FIRM 0.055336 0.056433 0.049661 0.047404 0.049661 0.059952 0.056433 0.049661 0.041667 0.047404 0.000000 0.047404 0.045147 0.058691 0.054176 0.059055 0.058691 0.060948 0.051919 0.165138 0.067720 0.063205 0.051919 0.060948 0.054176 0.047404 0.063781 0.000000 0.065463 0.051919 0.056433 0.049661 0.060948 0.047404 0.029345 0.058691 0.058691 0.063205 0.059497 0.063205 0.063205 0.047404 0.049661 0.049661 0.049661 0.047404 0.047404 0.045147 0.045147 0.067720 0.058691 0.165138 0.061224 0.047404 0.040632 0.050505 0.047404 0.047404 0.051919 0.058691 0.054176 0.045147 0.060948 0.051919 0.051919 0.066116 0.025316 0.064220 0.067720 0.056433 0.049661 0.063205 0.049661 0.065463 0.047404 0.060948 0.072235 0.058691 0.049661 0.049661 0.063205 0.063205 0.047404 0.058691 0.060948 0.042889 0.051919 0.045455 0.051522 0.047404 0.040650 0.051919 0.060948 0.045147 0.051919 0.060948 0.063205 0.042889 0.058691 0.045147 0.067720 0.031603 0.049661 0.065789 0.051919 0.047404 0.060948 0.049661 0.081264 0.063205 0.056433 0.088036 0.067720 0.049661 0.045147 0.051919 0.049661 0.058691 0.047404 0.056433 0.047404 0.051919 0.056433 0.058691 0.042889 0.058691 0.051919 0.047404 0.051919 0.042889 0.056433 0.045147 0.045147 0.069977 0.056433 0.049661 0.037736 0.054176 0.069977 0.063205 0.060948 0.049661 0.051919 0.051919 0.054176 0.040632 0.047404 0.042889 0.047404 0.069977 0.054176 0.045147 0.036117 0.045147 0.056433 0.054176 0.049661 0.042889 0.058691 0.047404 0.026316 0.051919 0.045147 0.035088 0.053299 0.060948 0.033860 0.051948 0.063452 0.049661 0.056433 0.060948 0.045147 0.060948 0.047404 0.038375 0.049661 0.058691 0.063205 0.049661 0.058691 0.056433 0.056433 0.049661 0.054176 0.049661 0.045147 0.051919 0.051919 0.063205 0.054176 0.045147 0.038375 0.054176 0.060948 0.067720 0.060948
tr|A0A1E9AJB3|A0A1E9AJB3_9FIRM 0.067194 0.054176 0.049661 0.045045 0.049661 0.043165 0.051919 0.051919 0.041667 0.051919 0.047404 0.000000 0.047404 0.058691 0.047404 0.066929 0.058691 0.058691 0.049661 0.192661 0.065463 0.056433 0.051919 0.060538 0.060811 0.049661 0.066059 0.000000 0.065463 0.058691 0.056433 0.056433 0.058691 0.056433 0.054176 0.054176 0.058691 0.066667 0.050343 0.063205 0.069977 0.049661 0.042889 0.054176 0.045147 0.051919 0.047404 0.045147 0.040632 0.058691 0.049661 0.192661 0.061224 0.049661 0.042793 0.090909 0.047404 0.047404 0.047404 0.054176 0.058691 0.047085 0.062780 0.053812 0.049661 0.063361 0.025316 0.077982 0.058691 0.054176 0.056433 0.060948 0.054176 0.065463 0.045147 0.067720 0.063205 0.047404 0.054054 0.056433 0.054176 0.056433 0.047404 0.060948 0.067265 0.047404 0.051919 0.045455 0.051522 0.042889 0.032520 0.056433 0.056433 0.047404 0.047404 0.060948 0.058691 0.031603 0.049661 0.040632 0.058691 0.036117 0.049661 0.098684 0.042889 0.047404 0.060948 0.045147 0.074492 0.060948 0.051919 0.085779 0.067720 0.049661 0.045147 0.058691 0.045147 0.056433 0.051919 0.051919 0.040632 0.051919 0.051919 0.047404 0.051919 0.054176 0.056433 0.051919 0.051919 0.042889 0.054176 0.051919 0.045147 0.069977 0.056433 0.051919 0.028302 0.049661 0.058691 0.063205 0.060948 0.049661 0.047404 0.051919 0.054176 0.036117 0.049661 0.036117 0.047404 0.060948 0.047404 0.040632 0.038375 0.042793 0.058691 0.056433 0.045147 0.049661 0.065463 0.058559 0.019737 0.047404 0.045147 0.035088 0.055838 0.051919 0.038375 0.051948 0.065990 0.047404 0.056433 0.051919 0.056306 0.067720 0.049550 0.036036 0.045147 0.063205 0.071588 0.042889 0.058691 0.058691 0.060948 0.054176 0.058691 0.058691 0.051919 0.042889 0.051919 0.058691 0.051919 0.045147 0.047404 0.060948 0.060948 0.063205 0.051919
tr|A0A1E9JN26|A0A1E9JN26_9FUSO 0.063241 0.042889 0.040632 0.036117 0.038375 0.047962 0.042889 0.040632 0.020833 0.049661 0.045147 0.047404 0.000000 0.047404 0.045147 0.055118 0.042889 0.054176 0.047404 0.165138 0.054176 0.047404 0.042889 0.045147 0.049661 0.036117 0.056948 0.000000 0.049661 0.040632 0.042889 0.045147 0.045147 0.042889 0.047404 0.040632 0.047404 0.047404 0.050343 0.047404 0.056433 0.038375 0.033860 0.036117 0.036117 0.036117 0.045147 0.038375 0.029345 0.049661 0.047404 0.165138 0.040816 0.031603 0.038375 0.060606 0.045147 0.045147 0.040632 0.042889 0.047404 0.029345 0.047404 0.042889 0.047404 0.063361 0.000000 0.059633 0.049661 0.047404 0.038375 0.056433 0.045147 0.054176 0.038375 0.051919 0.056433 0.045147 0.036117 0.045147 0.049661 0.051919 0.038375 0.049661 0.045147 0.040632 0.045147 0.038636 0.060890 0.036117 0.024390 0.047404 0.047404 0.033860 0.042889 0.047404 0.047404 0.038375 0.045147 0.029345 0.051919 0.029345 0.042889 0.052632 0.038375 0.040632 0.045147 0.033860 0.063205 0.060948 0.049661 0.079007 0.045147 0.047404 0.042889 0.045147 0.042889 0.051919 0.042889 0.045147 0.033860 0.038375 0.049661 0.045147 0.033860 0.045147 0.049661 0.031603 0.049661 0.031603 0.047404 0.029345 0.027088 0.056433 0.047404 0.038375 0.009434 0.038375 0.054176 0.051919 0.049661 0.042889 0.038375 0.040632 0.042889 0.027088 0.036117 0.033860 0.045147 0.058691 0.038375 0.042889 0.027088 0.033860 0.042889 0.038375 0.040632 0.029345 0.054176 0.042889 0.006579 0.047404 0.036117 0.023392 0.032995 0.047404 0.036117 0.041558 0.050761 0.038375 0.040632 0.047404 0.040632 0.051919 0.033860 0.027088 0.036117 0.049661 0.047404 0.038375 0.042889 0.047404 0.049661 0.036117 0.038375 0.040632 0.031603 0.036117 0.038375 0.049661 0.040632 0.036117 0.031603 0.047404 0.045147 0.049661 0.045147
tr|A0A1E9PJH3|A0A1E9PJH3_9LACT 0.063241 0.051919 0.058691 0.045147 0.054176 0.057554 0.047404 0.056433 0.020833 0.056433 0.058691 0.058691 0.047404 0.000000 0.051919 0.066929 0.056433 0.056433 0.049661 0.165138 0.067720 0.060948 0.042889 0.058691 0.054176 0.045147 0.068337 0.030303 0.051919 0.040632 0.060948 0.065463 0.060948 0.047404 0.051919 0.058691 0.000000 0.067720 0.002288 0.049661 0.074492 0.058691 0.045147 0.049661 0.040632 0.047404 0.040632 0.051919 0.038375 0.067720 0.060948 0.165138 0.020408 0.049661 0.051919 0.030303 0.040632 0.040632 0.054176 0.042889 0.060948 0.040632 0.056433 0.051919 0.045147 0.063361 0.012658 0.059633 0.067720 0.060948 0.049661 0.058691 0.054176 0.049661 0.049661 0.058691 0.067720 0.049661 0.049661 0.056433 0.056433 0.063205 0.056433 0.058691 0.063205 0.033860 0.054176 0.052273 0.070258 0.045147 0.040650 0.049661 0.056433 0.049661 0.051919 0.054176 0.049661 0.042889 0.063205 0.040632 0.058691 0.040632 0.042889 0.052632 0.042889 0.036117 0.063205 0.042889 0.079007 0.074492 0.051919 0.090293 0.060948 0.042889 0.038375 0.047404 0.051919 0.054176 0.049661 0.056433 0.051919 0.047404 0.047404 0.051919 0.056433 0.054176 0.047404 0.040632 0.045147 0.040632 0.056433 0.042889 0.047404 0.067720 0.056433 0.051919 0.000000 0.049661 0.069977 0.063205 0.069977 0.038375 0.051919 0.054176 0.058691 0.049661 0.045147 0.038375 0.040632 0.060948 0.047404 0.042889 0.042889 0.042889 0.060948 0.047404 0.051919 0.038375 0.058691 0.056433 0.032895 0.051919 0.042889 0.035088 0.058376 0.051919 0.042889 0.041558 0.053299 0.051919 0.051919 0.054176 0.047404 0.065463 0.051919 0.036117 0.047404 0.058691 0.049661 0.047404 0.054176 0.054176 0.060948 0.054176 0.056433 0.056433 0.045147 0.047404 0.056433 0.060948 0.051919 0.045147 0.049661 0.058691 0.063205 0.060948 0.056433
tr|A0A1F0GRC6|A0A1F0GRC6_9FIRM 0.059289 0.045147 0.051919 0.042889 0.045147 0.007194 0.047404 0.042889 0.041667 0.051919 0.054176 0.047404 0.045147 0.051919 0.000000 0.062992 0.047404 0.018059 0.040632 0.174312 0.056433 0.029345 0.049661 0.051919 0.047404 0.042889 0.061503 0.000000 0.065463 0.051919 0.054176 0.058691 0.047404 0.054176 0.056433 0.049661 0.051919 0.054176 0.054920 0.056433 0.058691 0.047404 0.042889 0.040632 0.040632 0.047404 0.042889 0.040632 0.036117 0.054176 0.042889 0.174312 0.040816 0.045147 0.045147 0.050505 0.042889 0.042889 0.036117 0.045147 0.047404 0.040632 0.049661 0.036117 0.038375 0.022039 0.012658 0.055046 0.054176 0.051919 0.051919 0.020316 0.049661 0.063205 0.040632 0.051919 0.051919 0.040632 0.049661 0.045147 0.042889 0.051919 0.049661 0.049661 0.063205 0.040632 0.033860 0.040909 0.053864 0.042889 0.032520 0.049661 0.049661 0.040632 0.036117 0.063205 0.049661 0.036117 0.047404 0.040632 0.051919 0.036117 0.040632 0.052632 0.033860 0.038375 0.063205 0.040632 0.074492 0.065463 0.047404 0.085779 0.058691 0.045147 0.040632 0.049661 0.045147 0.024831 0.047404 0.049661 0.038375 0.042889 0.047404 0.051919 0.047404 0.045147 0.056433 0.042889 0.047404 0.038375 0.047404 0.045147 0.038375 0.051919 0.047404 0.051919 0.018868 0.038375 0.054176 0.049661 0.060948 0.040632 0.040632 0.040632 0.045147 0.036117 0.038375 0.040632 0.042889 0.058691 0.047404 0.036117 0.042889 0.040632 0.049661 0.047404 0.045147 0.038375 0.060948 0.051919 0.026316 0.038375 0.040632 0.046784 0.053299 0.042889 0.038375 0.038961 0.050761 0.051919 0.049661 0.054176 0.040632 0.054176 0.031603 0.033860 0.027088 0.047404 0.056433 0.038375 0.051919 0.049661 0.040632 0.054176 0.054176 0.047404 0.040632 0.045147 0.049661 0.027088 0.045147 0.036117 0.045147 0.054176 0.063205 0.060948 0.047404
tr|A0A1M5JL03|A0A1M5JL03_9FIRM 0.063241 0.070866 0.059055 0.027559 0.043307 0.165354 0.051181 0.074803 0.770833 0.051181 0.059055 0.066929 0.055118 0.066929 0.062992 0.000000 0.066929 0.070866 0.055118 0.165138 0.059055 0.070866 0.062992 0.062992 0.074803 0.055118 0.062992 0.757576 0.051181 0.066929 0.062992 0.070866 0.066929 0.062992 0.066929 0.039370 0.066929 0.082677 0.094488 0.070866 0.059055 0.051181 0.051181 0.051181 0.043307 0.062992 0.062992 0.043307 0.047244 0.062992 0.062992 0.165138 0.795918 0.047244 0.000000 0.020202 0.062992 0.059055 0.055118 0.055118 0.059055 0.039370 0.055118 0.051181 0.059055 0.070866 0.810127 0.050459 0.062992 0.070866 0.062992 0.070866 0.047244 0.070866 0.051181 0.070866 0.082677 0.059055 0.000000 0.059055 0.070866 0.066929 0.059055 0.074803 0.055118 0.062992 0.062992 0.043307 0.145669 0.059055 0.829268 0.055118 0.055118 0.043307 0.051181 0.062992 0.070866 0.055118 0.059055 0.039370 0.074803 0.039370 0.059055 0.046053 0.051181 0.059055 0.055118 0.059055 0.106299 0.066929 0.066929 0.118110 0.074803 0.062992 0.059055 0.074803 0.059055 0.066929 0.074803 0.070866 0.051181 0.043307 0.066929 0.070866 0.055118 0.055118 0.059055 0.051181 0.059055 0.055118 0.082677 0.051181 0.043307 0.086614 0.082677 0.059055 0.820755 0.047244 0.086614 0.059055 0.059055 0.059055 0.055118 0.055118 0.059055 0.047244 0.043307 0.051181 0.059055 0.082677 0.059055 0.059055 0.039370 0.023622 0.078740 0.051181 0.043307 0.043307 0.066929 0.062992 0.842105 0.055118 0.051181 0.847953 0.055118 0.059055 0.051181 0.059055 0.066929 0.055118 0.055118 0.059055 0.043307 0.059055 0.047244 0.023622 0.047244 0.074803 0.070866 0.055118 0.055118 0.059055 0.090551 0.055118 0.066929 0.066929 0.043307 0.051181 0.055118 0.059055 0.055118 0.055118 0.055118 0.070866 0.059055 0.074803 0.066929
tr|A0A233V1S1|A0A233V1S1_FINMA 0.071146 0.056433 0.060948 0.049661 0.051919 0.052758 0.049661 0.054176 0.041667 0.058691 0.058691 0.058691 0.042889 0.056433 0.047404 0.066929 0.000000 0.060948 0.056433 0.201835 0.067720 0.047404 0.054176 0.051919 0.056433 0.049661 0.063781 0.030303 0.067720 0.054176 0.054176 0.060948 0.054176 0.058691 0.063205 0.051919 0.056433 0.054176 0.059497 0.063205 0.065463 0.049661 0.049661 0.042889 0.042889 0.054176 0.054176 0.051919 0.042889 0.058691 0.051919 0.201835 0.081633 0.051919 0.049661 0.080808 0.054176 0.054176 0.038375 0.047404 0.051919 0.047404 0.063205 0.051919 0.056433 0.063361 0.025316 0.064220 0.058691 0.056433 0.051919 0.063205 0.047404 0.067720 0.051919 0.054176 0.060948 0.045147 0.051919 0.056433 0.054176 0.063205 0.058691 0.040632 0.065463 0.047404 0.054176 0.052273 0.070258 0.049661 0.048780 0.056433 0.063205 0.051919 0.051919 0.065463 0.060948 0.051919 0.049661 0.047404 0.063205 0.047404 0.051919 0.052632 0.040632 0.049661 0.065463 0.047404 0.081264 0.067720 0.058691 0.097065 0.051919 0.056433 0.051919 0.051919 0.051919 0.058691 0.049661 0.060948 0.042889 0.040632 0.058691 0.058691 0.047404 0.051919 0.067720 0.045147 0.058691 0.042889 0.049661 0.038375 0.045147 0.051919 0.049661 0.058691 0.037736 0.045147 0.063205 0.063205 0.058691 0.051919 0.045147 0.042889 0.056433 0.038375 0.045147 0.042889 0.054176 0.060948 0.056433 0.051919 0.045147 0.047404 0.047404 0.038375 0.051919 0.045147 0.060948 0.056433 0.032895 0.049661 0.042889 0.046784 0.043147 0.049661 0.040632 0.041558 0.050761 0.049661 0.056433 0.060948 0.051919 0.063205 0.045147 0.040632 0.042889 0.049661 0.063205 0.045147 0.058691 0.051919 0.051919 0.047404 0.047404 0.036117 0.047404 0.051919 0.049661 0.056433 0.049661 0.049661 0.045147 0.058691 0.065463 0.063205 0.051919
tr|A0A233V4N6|A0A233V4N6_FINMA 0.067194 0.049661 0.051919 0.047404 0.049661 0.021583 0.056433 0.051919 0.041667 0.060948 0.060948 0.058691 0.054176 0.056433 0.018059 0.070866 0.060948 0.000000 0.054176 0.201835 0.060948 0.042889 0.054176 0.063205 0.056433 0.049661 0.070615 0.000000 0.069977 0.051919 0.063205 0.058691 0.065463 0.060948 0.063205 0.054176 0.056433 0.058691 0.059497 0.065463 0.072235 0.056433 0.051919 0.054176 0.049661 0.056433 0.049661 0.054176 0.045147 0.063205 0.056433 0.201835 0.040816 0.054176 0.049661 0.050505 0.049661 0.049661 0.049661 0.049661 0.060948 0.049661 0.054176 0.045147 0.045147 0.000000 0.012658 0.059633 0.063205 0.056433 0.056433 0.002257 0.058691 0.067720 0.054176 0.065463 0.063205 0.049661 0.054176 0.058691 0.056433 0.060948 0.049661 0.063205 0.072235 0.049661 0.038375 0.054545 0.063232 0.051919 0.032520 0.058691 0.054176 0.054176 0.045147 0.069977 0.063205 0.042889 0.063205 0.049661 0.060948 0.040632 0.047404 0.059211 0.042889 0.045147 0.072235 0.045147 0.083521 0.069977 0.051919 0.094808 0.067720 0.051919 0.047404 0.056433 0.054176 0.006772 0.054176 0.058691 0.051919 0.056433 0.051919 0.058691 0.056433 0.058691 0.063205 0.047404 0.054176 0.042889 0.051919 0.054176 0.051919 0.065463 0.051919 0.060948 0.018868 0.051919 0.065463 0.054176 0.065463 0.047404 0.051919 0.047404 0.058691 0.045147 0.049661 0.047404 0.049661 0.067720 0.054176 0.042889 0.051919 0.045147 0.063205 0.051919 0.049661 0.045147 0.065463 0.063205 0.026316 0.051919 0.049661 0.046784 0.068528 0.051919 0.047404 0.049351 0.065990 0.060948 0.058691 0.063205 0.049661 0.067720 0.049661 0.038375 0.040632 0.056433 0.065463 0.051919 0.060948 0.051919 0.049661 0.058691 0.063205 0.056433 0.047404 0.054176 0.058691 0.027088 0.047404 0.047404 0.054176 0.054176 0.072235 0.065463 0.056433
tr|A0A233VI02|A0A233VI02_FINMA 0.055336 0.051919 0.056433 0.045147 0.049661 0.045564 0.045147 0.049661 0.062500 0.051919 0.051919 0.049661 0.047404 0.049661 0.040632 0.055118 0.056433 0.054176 0.000000 0.174312 0.065463 0.056433 0.056433 0.060948 0.058691 0.047404 0.061503 0.030303 0.058691 0.054176 0.056433 0.063205 0.056433 0.047404 0.051919 0.058691 0.049661 0.067720 0.052632 0.058691 0.063205 0.049661 0.049661 0.040632 0.042889 0.045147 0.038375 0.036117 0.047404 0.067720 0.051919 0.174312 0.040816 0.045147 0.040632 0.040404 0.038375 0.038375 0.051919 0.051919 0.051919 0.042889 0.054176 0.042889 0.047404 0.052342 0.050633 0.059633 0.067720 0.060948 0.058691 0.056433 0.045147 0.056433 0.040632 0.056433 0.060948 0.047404 0.045147 0.051919 0.051919 0.056433 0.054176 0.056433 0.063205 0.047404 0.058691 0.036364 0.063232 0.045147 0.048780 0.045147 0.054176 0.045147 0.042889 0.058691 0.045147 0.036117 0.056433 0.042889 0.063205 0.038375 0.042889 0.059211 0.042889 0.036117 0.063205 0.051919 0.085779 0.058691 0.049661 0.090293 0.058691 0.040632 0.036117 0.051919 0.054176 0.056433 0.049661 0.058691 0.045147 0.038375 0.045147 0.063205 0.049661 0.049661 0.042889 0.042889 0.042889 0.049661 0.056433 0.047404 0.047404 0.065463 0.056433 0.049661 0.028302 0.047404 0.060948 0.058691 0.065463 0.038375 0.054176 0.051919 0.056433 0.042889 0.038375 0.045147 0.038375 0.060948 0.054176 0.040632 0.036117 0.042889 0.054176 0.054176 0.049661 0.042889 0.063205 0.049661 0.032895 0.042889 0.038375 0.035088 0.045685 0.047404 0.040632 0.031169 0.058376 0.042889 0.051919 0.058691 0.047404 0.056433 0.042889 0.036117 0.040632 0.054176 0.058691 0.033860 0.054176 0.054176 0.051919 0.054176 0.058691 0.054176 0.049661 0.051919 0.051919 0.058691 0.051919 0.042889 0.047404 0.056433 0.063205 0.065463 0.051919
tr|A0A233VMP7|A0A233VMP7_FINMA 0.165138 0.165138 0.174312 0.165138 0.165138 0.275229 0.174312 0.201835 0.875000 0.155963 0.165138 0.192661 0.165138 0.165138 0.174312 0.165138 0.201835 0.201835 0.174312 0.000000 0.165138 0.192661 0.165138 0.201835 0.183486 0.165138 0.183486 0.818182 0.174312 0.165138 0.174312 0.174312 0.183486 0.183486 0.183486 0.183486 0.165138 0.229358 0.201835 0.174312 0.192661 0.165138 0.155963 0.165138 0.155963 0.165138 0.165138 0.165138 0.155963 0.201835 0.174312 0.000000 0.836735 0.183486 0.165138 0.181818 0.165138 0.165138 0.192661 0.174312 0.192661 0.146789 0.183486 0.183486 0.165138 0.201835 0.873418 0.192661 0.201835 0.220183 0.165138 0.201835 0.174312 0.183486 0.165138 0.192661 0.229358 0.183486 0.165138 0.201835 0.174312 0.183486 0.174312 0.201835 0.174312 0.146789 0.165138 0.165138 0.293578 0.165138 0.880734 0.183486 0.183486 0.174312 0.183486 0.174312 0.201835 0.165138 0.192661 0.146789 0.174312 0.155963 0.165138 0.192661 0.174312 0.165138 0.174312 0.146789 0.000000 0.192661 0.165138 0.000000 0.220183 0.165138 0.165138 0.174312 0.165138 0.201835 0.165138 0.174312 0.183486 0.174312 0.165138 0.192661 0.211009 0.183486 0.165138 0.165138 0.165138 0.155963 0.174312 0.165138 0.174312 0.211009 0.174312 0.174312 0.886792 0.192661 0.238532 0.174312 0.174312 0.165138 0.174312 0.183486 0.183486 0.174312 0.183486 0.174312 0.165138 0.192661 0.174312 0.165138 0.146789 0.155963 0.201835 0.174312 0.174312 0.174312 0.174312 0.183486 0.880734 0.174312 0.165138 0.880734 0.183486 0.165138 0.165138 0.183486 0.192661 0.165138 0.174312 0.146789 0.211009 0.192661 0.174312 0.155963 0.165138 0.211009 0.174312 0.165138 0.174312 0.192661 0.192661 0.183486 0.174312 0.192661 0.174312 0.155963 0.174312 0.192661 0.192661 0.155963 0.174312 0.183486 0.174312 0.183486 0.183486
tr|A0A233W0A1|A0A233W0A1_FINMA 0.067194 0.063205 0.056433 0.051919 0.045147 0.057554 0.058691 0.060948 0.062500 0.060948 0.067720 0.065463 0.054176 0.067720 0.056433 0.059055 0.067720 0.060948 0.065463 0.165138 0.000000 0.060948 0.058691 0.067720 0.049661 0.058691 0.068337 0.030303 0.074492 0.058691 0.065463 0.060948 0.069977 0.063205 0.065463 0.049661 0.067720 0.060948 0.070938 0.056433 0.069977 0.060948 0.049661 0.058691 0.051919 0.065463 0.060948 0.054176 0.049661 0.054176 0.060948 0.165138 0.040816 0.058691 0.054176 0.050505 0.060948 0.060948 0.047404 0.058691 0.060948 0.049661 0.051919 0.054176 0.060948 0.060606 0.050633 0.064220 0.054176 0.060948 0.063205 0.063205 0.058691 0.069977 0.054176 0.072235 0.074492 0.056433 0.054176 0.065463 0.063205 0.065463 0.054176 0.063205 0.072235 0.047404 0.054176 0.054545 0.063232 0.056433 0.040650 0.067720 0.051919 0.058691 0.054176 0.072235 0.056433 0.054176 0.049661 0.049661 0.056433 0.049661 0.060948 0.065789 0.047404 0.058691 0.072235 0.049661 0.081264 0.069977 0.063205 0.090293 0.074492 0.063205 0.058691 0.063205 0.051919 0.054176 0.058691 0.047404 0.054176 0.060948 0.063205 0.060948 0.065463 0.067720 0.069977 0.058691 0.065463 0.047404 0.063205 0.056433 0.056433 0.069977 0.063205 0.065463 0.047170 0.056433 0.067720 0.047404 0.063205 0.060948 0.051919 0.051919 0.051919 0.047404 0.056433 0.047404 0.060948 0.074492 0.060948 0.054176 0.056433 0.049661 0.065463 0.060948 0.054176 0.058691 0.054176 0.063205 0.039474 0.054176 0.056433 0.058480 0.060914 0.058691 0.056433 0.062338 0.058376 0.063205 0.060948 0.067720 0.063205 0.069977 0.056433 0.047404 0.047404 0.063205 0.056433 0.058691 0.063205 0.063205 0.065463 0.056433 0.063205 0.060948 0.060948 0.051919 0.060948 0.056433 0.060948 0.047404 0.051919 0.072235 0.072235 0.067720 0.060948
tr|A0A233W0J1|A0A233W0J1_FINMA 0.071146 0.056433 0.054176 0.049661 0.049661 0.023981 0.051919 0.049661 0.041667 0.051919 0.063205 0.056433 0.047404 0.060948 0.029345 0.070866 0.047404 0.042889 0.056433 0.192661 0.060948 0.000000 0.058691 0.054176 0.056433 0.054176 0.066059 0.000000 0.072235 0.058691 0.056433 0.060948 0.060948 0.063205 0.065463 0.054176 0.060948 0.051919 0.064073 0.060948 0.063205 0.051919 0.049661 0.051919 0.045147 0.056433 0.054176 0.047404 0.042889 0.058691 0.047404 0.192661 0.040816 0.051919 0.049661 0.101010 0.054176 0.054176 0.042889 0.049661 0.058691 0.047404 0.056433 0.045147 0.049661 0.052342 0.012658 0.068807 0.058691 0.054176 0.058691 0.045147 0.051919 0.069977 0.047404 0.056433 0.056433 0.047404 0.054176 0.054176 0.054176 0.054176 0.051919 0.036117 0.069977 0.049661 0.047404 0.047727 0.063232 0.047404 0.032520 0.060948 0.056433 0.051919 0.045147 0.069977 0.051919 0.047404 0.051919 0.047404 0.056433 0.042889 0.051919 0.072368 0.038375 0.049661 0.069977 0.045147 0.074492 0.067720 0.054176 0.090293 0.058691 0.056433 0.051919 0.060948 0.047404 0.038375 0.054176 0.054176 0.045147 0.049661 0.054176 0.058691 0.051919 0.054176 0.067720 0.054176 0.058691 0.042889 0.054176 0.049661 0.049661 0.060948 0.054176 0.058691 0.018868 0.047404 0.058691 0.060948 0.065463 0.051919 0.049661 0.047404 0.054176 0.033860 0.045147 0.042889 0.054176 0.060948 0.056433 0.047404 0.049661 0.047404 0.049661 0.051919 0.051919 0.045147 0.067720 0.060948 0.026316 0.045147 0.047404 0.046784 0.050761 0.047404 0.042889 0.051948 0.063452 0.056433 0.051919 0.058691 0.051919 0.058691 0.049661 0.040632 0.038375 0.049661 0.060948 0.040632 0.054176 0.054176 0.049661 0.058691 0.056433 0.049661 0.047404 0.047404 0.051919 0.045147 0.051919 0.049661 0.049661 0.063205 0.069977 0.054176 0.049661
